 nx =           40  ny =           20
 nsteps =         5000
 Writing output
 Horizontal velocity(u)
   0.00000000       0.00000000       0.00000000       1.76596375E-14   0.00000000       0.00000000                  NaN              NaN   0.00000000       0.00000000       0.00000000       4.45648958E-08   5.49186074E-09   2.61784392E-14   0.00000000       0.00000000       0.00000000       0.00000000       0.00000000       3.92302510E-08  -3.65918176E-08   0.00000000       0.00000000       0.00000000       0.00000000       0.00000000       0.00000000       6.68358950E-07  -6.70323175E-07   0.00000000       0.00000000       0.00000000       0.00000000       0.00000000       0.00000000       4.00693381E-08  -4.04445721E-08   0.00000000       0.00000000       0.00000000    
   0.00000000      -3.63255565E-10   2.55953054E-08   2.35996200E-09   0.00000000       0.00000000                  NaN              NaN   0.00000000       0.00000000       7.69903818E-06   8.40016291E-05   1.57098075E-05   6.84878820E-11   0.00000000      -2.46892898E+23   0.00000000      -8.85715279E-10  -4.22145858E-05   3.17806698E-04  -3.35809309E-05   0.00000000       0.00000000      -3.44324475E+23   0.00000000      -5.83840962E-11  -1.02509548E-05   1.79367649E-04  -1.71931708E-04   0.00000000       9.89648164E-04  -9.55707940E+23   0.00000000       0.00000000       2.25597319E-13   4.91190767E-05  -4.48893879E-05  -1.80506488E-09  -2.70470736E-07  -1.65404691E+24
   0.00000000       0.00000000       0.00000000       0.00000000       0.00000000       0.00000000       0.00000000       0.00000000       0.00000000       0.00000000       0.00000000       0.00000000       0.00000000       0.00000000       0.00000000       0.00000000       0.00000000       0.00000000       0.00000000       0.00000000       0.00000000       0.00000000       0.00000000       0.00000000       0.00000000       0.00000000       0.00000000       0.00000000       0.00000000       0.00000000       0.00000000       0.00000000       0.00000000       0.00000000       0.00000000       0.00000000       0.00000000       0.00000000       0.00000000       0.00000000    
   1.14643930E-08   0.00000000       1.38236214E-08   3.58114320E-08   0.00000000       0.00000000                  NaN              NaN   0.00000000       0.00000000       3.88625210E-07   5.03263327E-05   1.20908461E-09  -1.48013723E-09   0.00000000      -1.22286133E+24   0.00000000       1.94760386E-09   8.17124129E-15   1.74858302E-04  -1.43715311E-04   8.78929221E-12  -1.00535376E-08  -1.83588324E+24  -1.47457328E-07   3.34355121E-08   4.94398016E-08  -1.16796589E-04  -6.65600412E-04   1.92825644E-09   0.00000000      -5.93287353E+23   0.00000000      -1.92824889E-09   0.00000000      -6.45738307E-09  -1.07780928E-04   1.93285925E-11  -2.00932315E-09   2.37370145E+23
   0.00000000       0.00000000       0.00000000       0.00000000       0.00000000       0.00000000                  NaN              NaN   0.00000000       0.00000000       0.00000000       0.00000000       0.00000000       0.00000000       0.00000000       0.00000000       0.00000000       0.00000000       0.00000000       0.00000000       0.00000000       0.00000000       0.00000000       0.00000000       0.00000000       0.00000000       0.00000000       0.00000000       0.00000000       0.00000000       0.00000000       0.00000000       0.00000000       0.00000000       0.00000000       0.00000000       0.00000000       0.00000000       0.00000000       0.00000000    
   0.00000000       0.00000000       0.00000000       0.00000000       0.00000000       0.00000000       0.00000000       0.00000000       0.00000000       0.00000000       0.00000000       0.00000000       0.00000000       0.00000000       0.00000000       0.00000000       0.00000000       0.00000000       0.00000000       0.00000000       0.00000000       0.00000000       0.00000000       0.00000000       0.00000000       0.00000000       0.00000000       0.00000000       0.00000000       0.00000000       0.00000000       0.00000000       0.00000000       0.00000000       0.00000000       0.00000000       0.00000000       0.00000000       0.00000000       0.00000000    
   0.00000000       0.00000000       0.00000000       0.00000000       0.00000000       0.00000000       0.00000000       0.00000000       0.00000000       0.00000000       0.00000000       0.00000000       0.00000000       0.00000000       0.00000000       1.08704634E+22   0.00000000       0.00000000       0.00000000       0.00000000       0.00000000       0.00000000       0.00000000      -2.56582208E+22   0.00000000       0.00000000       0.00000000       0.00000000       0.00000000       0.00000000       0.00000000       0.00000000       0.00000000       0.00000000       0.00000000       0.00000000       0.00000000       0.00000000       0.00000000       0.00000000    
   0.00000000       0.00000000       3.38778250E-08   8.48176018E-09   0.00000000       0.00000000                  NaN              NaN   0.00000000       0.00000000       3.67014441E-09   3.94944109E-05   2.94074525E-05   5.45051615E-10   2.50660257E-08   2.91336112E+23   0.00000000       2.29230812E-09   4.92245931E-07  -3.57980775E-06  -9.79969773E-05   0.00000000       4.90365899E-08   2.57837960E+23   1.45312598E-08  -3.26942962E-09  -7.67750826E-05  -3.22637361E-10  -2.48570250E-05   0.00000000       1.08021176E-07   8.09617509E+22   0.00000000       1.95916861E-09  -6.04207798E-06   1.61485092E-04  -1.12421367E-04   3.82184145E-11  -1.14643930E-08   6.84648528E+23
   0.00000000       0.00000000       0.00000000       0.00000000       0.00000000       0.00000000                  NaN              NaN   0.00000000       0.00000000       0.00000000       0.00000000       0.00000000       0.00000000       0.00000000       2.56582208E+22   0.00000000       0.00000000       0.00000000       0.00000000       0.00000000       0.00000000       0.00000000      -1.08704476E+22   0.00000000       0.00000000       0.00000000       0.00000000       0.00000000       0.00000000       0.00000000       0.00000000       0.00000000       0.00000000       0.00000000       0.00000000       0.00000000       0.00000000       0.00000000       0.00000000    
   0.00000000       0.00000000       0.00000000       0.00000000       0.00000000       0.00000000       0.00000000       0.00000000       0.00000000       0.00000000       0.00000000       0.00000000       0.00000000       0.00000000       0.00000000       0.00000000       0.00000000       0.00000000       0.00000000       0.00000000       0.00000000       0.00000000       0.00000000       0.00000000       0.00000000       0.00000000       0.00000000       0.00000000       0.00000000       0.00000000       0.00000000       0.00000000       0.00000000       0.00000000       0.00000000       0.00000000       0.00000000       0.00000000       0.00000000       0.00000000    
   0.00000000       0.00000000       0.00000000       0.00000000       0.00000000       0.00000000       0.00000000       0.00000000       0.00000000       0.00000000       0.00000000       0.00000000       0.00000000       0.00000000       0.00000000      -4.60514364E+22   0.00000000       0.00000000       0.00000000       0.00000000       0.00000000       0.00000000       0.00000000       0.00000000       0.00000000       0.00000000       0.00000000       0.00000000       0.00000000       0.00000000       0.00000000       0.00000000       0.00000000       0.00000000       0.00000000       0.00000000       0.00000000       0.00000000       0.00000000       0.00000000    
  -4.85229243E-08   3.85660304E-09   9.97158815E-04   1.37740513E-02   9.61815676E-05   0.00000000       0.00000000       1.22433015E+24   0.00000000       0.00000000       4.14464211E-07   1.77678172E-04   1.11024046E-05  -2.49853960E-09   2.38481817E-07  -5.08763399E+23  -8.31524005E-09  -3.74683444E-12   2.02128067E-05  -3.49552454E-09  -5.45688381E-05   0.00000000       0.00000000      -2.67287737E+23   0.00000000       0.00000000       1.59609817E-06   9.24000051E-04   3.42409407E-07   0.00000000      -3.35271864E-08  -6.42324420E+23  -8.59722462E-08  -1.83374288E-11  -8.30015233E-06   2.28240067E-04  -1.61614327E-04   1.94773420E-09   0.00000000       2.73450049E+23
   0.00000000       0.00000000       0.00000000       0.00000000       0.00000000       0.00000000       0.00000000       0.00000000       0.00000000       0.00000000       0.00000000       0.00000000       0.00000000       0.00000000       0.00000000       0.00000000       0.00000000       0.00000000       0.00000000       0.00000000       0.00000000       0.00000000       0.00000000       4.60514364E+22   0.00000000       0.00000000       0.00000000       0.00000000       0.00000000       0.00000000       0.00000000       0.00000000       0.00000000       0.00000000       0.00000000       0.00000000       0.00000000       0.00000000       0.00000000       0.00000000    
   0.00000000       0.00000000       0.00000000       0.00000000       0.00000000       0.00000000       0.00000000       0.00000000       0.00000000       0.00000000       0.00000000       0.00000000       0.00000000       0.00000000       0.00000000       0.00000000       0.00000000       0.00000000       0.00000000       0.00000000       0.00000000       0.00000000       0.00000000       4.65176770E+20   0.00000000       0.00000000       0.00000000       0.00000000       0.00000000       0.00000000       0.00000000       0.00000000       0.00000000       0.00000000       0.00000000       0.00000000       0.00000000       0.00000000       0.00000000       0.00000000    
   0.00000000       0.00000000       0.00000000       0.00000000       0.00000000       0.00000000       0.00000000       0.00000000       0.00000000       0.00000000       0.00000000       0.00000000       0.00000000       0.00000000       0.00000000       0.00000000       0.00000000       0.00000000       0.00000000       0.00000000       0.00000000       0.00000000       0.00000000       0.00000000       0.00000000       0.00000000       0.00000000       0.00000000       0.00000000       0.00000000       0.00000000       7.29622265E+20   0.00000000       0.00000000       0.00000000       0.00000000       0.00000000       0.00000000       0.00000000       0.00000000    
   2.70470707E-07   3.22426242E-14   1.48488128E-08   0.00000000       0.00000000       0.00000000                  NaN              NaN   0.00000000       0.00000000       2.08377623E-05   1.30525180E-09  -1.88625982E-09   0.00000000      -2.24679624E-07   1.61876232E+23  -5.48687584E-09   1.77232104E-10   6.33304387E-09  -1.76282863E-10  -1.84839755E-05   1.28273947E-10   7.66769119E-08  -3.34518936E+21   0.00000000       1.22572663E-09   9.24238442E-13   3.95193463E-04  -8.55532184E-04  -9.16742238E-11   0.00000000       1.75626496E+23  -9.89648164E-04   0.00000000       0.00000000      -7.46069923E-15  -1.56369284E-09  -1.93993710E-11   4.85229243E-08  -1.50175070E+23
   0.00000000       0.00000000       0.00000000       0.00000000       0.00000000       0.00000000                  NaN              NaN   0.00000000       0.00000000       0.00000000       0.00000000       0.00000000       0.00000000       0.00000000       0.00000000       0.00000000       0.00000000       0.00000000       0.00000000       0.00000000       0.00000000       0.00000000       0.00000000       0.00000000       0.00000000       0.00000000       0.00000000       0.00000000       0.00000000       0.00000000       0.00000000       0.00000000       0.00000000       0.00000000       0.00000000       0.00000000       0.00000000       0.00000000       0.00000000    
   0.00000000       0.00000000       0.00000000       0.00000000       0.00000000       0.00000000       0.00000000      -1.39164403E+15   0.00000000      -7.22075177E-12   4.43222234E-06   8.48211258E-12   0.00000000       0.00000000       0.00000000       0.00000000       0.00000000       0.00000000       0.00000000       0.00000000       0.00000000       0.00000000       0.00000000       0.00000000       0.00000000       0.00000000       0.00000000       0.00000000       0.00000000       0.00000000       0.00000000       0.00000000       0.00000000       0.00000000       0.00000000       0.00000000       0.00000000       0.00000000       0.00000000       0.00000000    
              NaN   0.00000000       0.00000000       4.55760901E-10   0.00000000       0.00000000                  NaN              NaN              NaN  -4.73211969E-07  -9.72463167E-04   2.83731060E-04   1.02784357E-03   5.28593887E-07   0.00000000                  NaN              NaN   0.00000000       0.00000000       4.37264534E-04  -3.36102763E-04   0.00000000       0.00000000                  NaN              NaN   0.00000000       0.00000000       1.58295664E-03  -1.59860880E-03   0.00000000       0.00000000                  NaN              NaN   0.00000000       0.00000000       3.88382672E-04  -4.03093552E-04   0.00000000       0.00000000                  NaN
              NaN   0.00000000       0.00000000       1.23473321E-13   0.00000000       0.00000000                  NaN              NaN              NaN   0.00000000       4.02199339E-06   1.50533879E-07   6.27725797E-07   3.22825155E-10   0.00000000                  NaN              NaN   0.00000000       0.00000000       3.90657164E-07  -3.65823524E-07   0.00000000       0.00000000                  NaN              NaN   0.00000000       0.00000000       6.53641973E-06  -6.55486338E-06   0.00000000       0.00000000                  NaN              NaN   0.00000000       0.00000000       3.99694272E-07  -4.03272992E-07   0.00000000       0.00000000                  NaN
 Vertical velocity(v)
   0.00000000       1.56751919E+20  -9.91276505E+22  -8.59199529E+22   0.00000000       0.00000000                  NaN              NaN   0.00000000       0.00000000      -8.92142370E+22  -2.42457226E+17   8.34332363E+22   3.18273741E+17   0.00000000      -1.32529042E+25   0.00000000      -1.56636303E+18  -7.46552748E+22  -5.11009435E+23  -6.44281004E+19   7.15130525E+21   0.00000000      -1.35141034E+24   0.00000000       5.44185199E+21  -1.79489396E+23  -3.63475870E+23  -3.37805460E+23   0.00000000       1.80177978E+23  -1.22588622E+25   0.00000000       0.00000000      -3.90316171E+22  -3.59551253E+23   3.33077278E+21   2.97697646E+21   4.33925652E+22  -2.47533192E+25
   0.00000000       1.56751919E+20  -9.91276505E+22  -8.59199529E+22   0.00000000       0.00000000                  NaN              NaN   0.00000000       0.00000000      -8.92142370E+22  -2.42457226E+17   8.34332363E+22   3.18273741E+17   0.00000000      -1.32529042E+25   0.00000000      -1.56636303E+18  -7.46552748E+22  -5.11009435E+23  -6.44281004E+19   7.15130525E+21   0.00000000      -1.35141034E+24   0.00000000       5.44185199E+21  -1.79489396E+23  -3.63475870E+23  -3.37805460E+23   0.00000000       1.80177978E+23  -1.22588622E+25   0.00000000       0.00000000      -3.90316171E+22  -3.59551253E+23   3.33077278E+21   2.97697646E+21   4.33925652E+22  -2.47533192E+25
   0.00000000       0.00000000       0.00000000       0.00000000       0.00000000       0.00000000       0.00000000       0.00000000       0.00000000       0.00000000       0.00000000       0.00000000       0.00000000       0.00000000       0.00000000       0.00000000       0.00000000       0.00000000       0.00000000       0.00000000       0.00000000       0.00000000       0.00000000       0.00000000       0.00000000       0.00000000       0.00000000       0.00000000       0.00000000       0.00000000       0.00000000       0.00000000       0.00000000       0.00000000       0.00000000       0.00000000       0.00000000       0.00000000       0.00000000       0.00000000    
   4.52801274E+22   0.00000000      -2.68969246E+22  -1.48179723E+23   0.00000000       0.00000000                  NaN              NaN   0.00000000       0.00000000      -3.22094158E+22   3.84791099E+21  -1.94669272E+17   8.81663619E+21   0.00000000      -7.52623872E+24   0.00000000       1.66200188E+22  -8.66340910E+21  -3.14986622E+22  -3.41019229E+23   8.85352799E+20   1.12413486E+23  -6.00412351E+24   1.32974237E+23   5.79380436E+21  -8.21084034E+22  -2.92740547E+24  -6.58453287E+22   1.30782203E+22   0.00000000      -1.07693375E+24   0.00000000       2.50432987E+21   0.00000000      -1.62019512E+18  -5.56861879E+23  -1.88202704E+18   1.02004901E+23   1.62332011E+24
   0.00000000       0.00000000       0.00000000       0.00000000       0.00000000       0.00000000                  NaN              NaN   0.00000000       0.00000000       0.00000000       0.00000000       0.00000000       0.00000000       0.00000000       0.00000000       0.00000000       0.00000000       0.00000000       0.00000000       0.00000000       0.00000000       0.00000000       0.00000000       0.00000000       0.00000000       0.00000000       0.00000000       0.00000000       0.00000000       0.00000000       0.00000000       0.00000000       0.00000000       0.00000000       0.00000000       0.00000000       0.00000000       0.00000000       0.00000000    
   0.00000000       0.00000000       0.00000000       0.00000000       0.00000000       0.00000000       0.00000000       0.00000000       0.00000000       0.00000000       0.00000000       0.00000000       0.00000000       0.00000000       0.00000000       0.00000000       0.00000000       0.00000000       0.00000000       0.00000000       0.00000000       0.00000000       0.00000000       0.00000000       0.00000000       0.00000000       0.00000000       0.00000000       0.00000000       0.00000000       0.00000000       0.00000000       0.00000000       0.00000000       0.00000000       0.00000000       0.00000000       0.00000000       0.00000000       0.00000000    
   0.00000000       0.00000000       0.00000000       0.00000000       0.00000000       0.00000000       0.00000000       0.00000000       0.00000000       0.00000000       0.00000000       0.00000000       0.00000000       0.00000000       0.00000000       7.10851555E-06   0.00000000       0.00000000       0.00000000       0.00000000       0.00000000       0.00000000       0.00000000       8.67393979E-09   0.00000000       0.00000000       0.00000000       0.00000000       0.00000000       0.00000000       0.00000000       0.00000000       0.00000000       0.00000000       0.00000000       0.00000000       0.00000000       0.00000000       0.00000000       0.00000000    
   0.00000000       0.00000000      -1.44723336E+23  -1.69482343E+23   0.00000000       0.00000000                  NaN              NaN   0.00000000       0.00000000      -6.88681842E+21  -1.16811550E+24  -3.91701586E+23   1.36726279E+22   1.71592622E+23  -1.43070425E+24   1.12385284E+23   4.31582345E+20  -1.35469695E+22  -3.37613967E+23  -2.92373040E+21   0.00000000       5.48910477E+22  -1.34878168E+24   8.66689826E+22   5.41616965E+21  -6.57113827E+22   1.70864890E+18   1.29404009E+23   0.00000000       5.97935311E+22  -9.10672376E+23   0.00000000       2.55243175E+22  -1.94062126E+24  -2.75380201E+24  -6.04934959E+23  -5.62421054E+17   4.35001607E+22   4.35243450E+22
   0.00000000       0.00000000       0.00000000       0.00000000       0.00000000       0.00000000                  NaN              NaN   0.00000000       0.00000000       0.00000000       0.00000000       0.00000000       0.00000000       0.00000000       3.18961639E-08   0.00000000       0.00000000       0.00000000       0.00000000       0.00000000       0.00000000       0.00000000      -8.99038514E-06   0.00000000       0.00000000       0.00000000       0.00000000       0.00000000       0.00000000       0.00000000       0.00000000       0.00000000       0.00000000       0.00000000       0.00000000       0.00000000       0.00000000       0.00000000       0.00000000    
   0.00000000       0.00000000       0.00000000       0.00000000       0.00000000       0.00000000       0.00000000       0.00000000       0.00000000       0.00000000       0.00000000       0.00000000       0.00000000       0.00000000       0.00000000       0.00000000       0.00000000       0.00000000       0.00000000       0.00000000       0.00000000       0.00000000       0.00000000       0.00000000       0.00000000       0.00000000       0.00000000       0.00000000       0.00000000       0.00000000       0.00000000       0.00000000       0.00000000       0.00000000       0.00000000       0.00000000       0.00000000       0.00000000       0.00000000       0.00000000    
   0.00000000       0.00000000       0.00000000       0.00000000       0.00000000       0.00000000       0.00000000       0.00000000       0.00000000       0.00000000       0.00000000       0.00000000       0.00000000       0.00000000       0.00000000       1.98000260E-02   0.00000000       0.00000000       0.00000000       0.00000000       0.00000000       0.00000000       0.00000000       0.00000000       0.00000000       0.00000000       0.00000000       0.00000000       0.00000000       0.00000000       0.00000000       0.00000000       0.00000000       0.00000000       0.00000000       0.00000000       0.00000000       0.00000000       0.00000000       0.00000000    
   1.38325468E+23   4.44643499E+22  -6.65089792E+23  -1.36707235E+24  -8.63100682E+21   0.00000000       0.00000000      -1.49496253E+25   0.00000000       0.00000000      -2.66298747E+22  -5.66917589E+23  -6.21206140E+23   6.70307831E+21   5.19963725E+22  -2.33151533E+23   1.16706839E+23  -7.59358464E+16  -7.72163773E+22  -2.40470896E+22  -1.07976215E+24   0.00000000       0.00000000      -1.31145988E+24   0.00000000       0.00000000      -5.07061003E+23  -3.30552900E+23   3.78363590E+19   0.00000000       8.82509350E+22  -6.82074588E+24   2.98639132E+23  -2.28340624E+18  -6.41687431E+23  -6.88378662E+23  -3.05407555E+22   2.96479535E+21   0.00000000      -5.33359531E+24
   0.00000000       0.00000000       0.00000000       0.00000000       0.00000000       0.00000000       0.00000000       0.00000000       0.00000000       0.00000000       0.00000000       0.00000000       0.00000000       0.00000000       0.00000000       0.00000000       0.00000000       0.00000000       0.00000000       0.00000000       0.00000000       0.00000000       0.00000000       1.98000129E-02   0.00000000       0.00000000       0.00000000       0.00000000       0.00000000       0.00000000       0.00000000       0.00000000       0.00000000       0.00000000       0.00000000       0.00000000       0.00000000       0.00000000       0.00000000       0.00000000    
   0.00000000       0.00000000       0.00000000       0.00000000       0.00000000       0.00000000       0.00000000       0.00000000       0.00000000       0.00000000       0.00000000       0.00000000       0.00000000       0.00000000       0.00000000       0.00000000       0.00000000       0.00000000       0.00000000       0.00000000       0.00000000       0.00000000       0.00000000       2.00004753E-04   0.00000000       0.00000000       0.00000000       0.00000000       0.00000000       0.00000000       0.00000000       0.00000000       0.00000000       0.00000000       0.00000000       0.00000000       0.00000000       0.00000000       0.00000000       0.00000000    
   0.00000000       0.00000000       0.00000000       0.00000000       0.00000000       0.00000000       0.00000000       0.00000000       0.00000000       0.00000000       0.00000000       0.00000000       0.00000000       0.00000000       0.00000000       0.00000000       0.00000000       0.00000000       0.00000000       0.00000000       0.00000000       0.00000000       0.00000000       0.00000000       0.00000000       0.00000000       0.00000000       0.00000000       0.00000000       0.00000000       0.00000000       2.65552771E-08   0.00000000       0.00000000       0.00000000       0.00000000       0.00000000       0.00000000       0.00000000       0.00000000    
   4.52665626E+22   5.39619530E+15  -3.56474898E+23   0.00000000       0.00000000       0.00000000                  NaN              NaN   0.00000000       0.00000000      -4.88696512E+23  -7.46728974E+22  -2.85889991E+22   0.00000000       2.28292599E+23  -1.56228243E+25   1.93728157E+23   9.94187421E+20  -1.37690229E+22   6.18083358E+21  -1.84489851E+23   5.52886435E+21   7.10510215E+22  -3.01562991E+24   0.00000000       2.67333871E+21   2.15319266E+21  -1.91322712E+23  -1.04332673E+24   2.49819603E+22   0.00000000       1.37690128E+23   1.80624033E+23   0.00000000       0.00000000      -1.29433624E+23  -3.41577675E+22   4.73295850E+22   4.46498441E+22   2.85169009E+22
   0.00000000       0.00000000       0.00000000       0.00000000       0.00000000       0.00000000                  NaN              NaN   0.00000000       0.00000000       0.00000000       0.00000000       0.00000000       0.00000000       0.00000000       0.00000000       0.00000000       0.00000000       0.00000000       0.00000000       0.00000000       0.00000000       0.00000000       0.00000000       0.00000000       0.00000000       0.00000000       0.00000000       0.00000000       0.00000000       0.00000000       0.00000000       0.00000000       0.00000000       0.00000000       0.00000000       0.00000000       0.00000000       0.00000000       0.00000000    
   0.00000000       0.00000000       0.00000000       0.00000000       0.00000000       0.00000000       0.00000000       5.18272925E-12   0.00000000      -2.20202342E-13   9.97771043E-04   1.90310190E-09   0.00000000       0.00000000       0.00000000       0.00000000       0.00000000       0.00000000       0.00000000       0.00000000       0.00000000       0.00000000       0.00000000       0.00000000       0.00000000       0.00000000       0.00000000       0.00000000       0.00000000       0.00000000       0.00000000       0.00000000       0.00000000       0.00000000       0.00000000       0.00000000       0.00000000       0.00000000       0.00000000       0.00000000    
              NaN   0.00000000       0.00000000       5.40856505E-04   0.00000000       0.00000000                  NaN              NaN              NaN  -1.44309604E-08  -2.91576671E-05   1.06110575E-03   1.21809077E-03   6.26380199E-07   0.00000000                  NaN              NaN   0.00000000       0.00000000       1.78260973E-03   2.17365776E-03   0.00000000       0.00000000                  NaN              NaN   0.00000000       0.00000000       8.19216110E-03   8.13380629E-03   0.00000000       0.00000000                  NaN              NaN   0.00000000       0.00000000       2.05341401E-03   1.99578004E-03   0.00000000       0.00000000                  NaN
              NaN   0.00000000       0.00000000       5.40856505E-04   0.00000000       0.00000000                  NaN              NaN              NaN  -1.44309604E-08  -2.91576671E-05   1.06110575E-03   1.21809077E-03   6.26380199E-07   0.00000000                  NaN              NaN   0.00000000       0.00000000       1.78260973E-03   2.17365776E-03   0.00000000       0.00000000                  NaN              NaN   0.00000000       0.00000000       8.19216110E-03   8.13380629E-03   0.00000000       0.00000000                  NaN              NaN   0.00000000       0.00000000       2.05341401E-03   1.99578004E-03   0.00000000       0.00000000                  NaN
 Internal energy
   4.00000000       4.00000000       4.00000000       4.00000000       4.00000000       4.00000000       4.00000000       4.00000000       4.00000000       4.00000000       4.00000000       4.00000000       4.00000000       4.00000000       4.00000000       4.00000000       4.00000000       4.00000000       4.00000000       4.00000000       4.00000000       4.00000000       4.00000000       4.00000000       4.00000000       4.00000000       4.00000000       4.00000000       4.00000000       4.00000000       4.00000000       4.00000000       4.00000000       4.00000000       4.00000000       4.00000000       4.00000000       4.00000000       4.00000000       4.00000000    
   0.00000000       3.89546813E-07   1.68371114E+22   2.29292421E+22   0.00000000       0.00000000                  NaN              NaN   0.00000000       0.00000000       3.67415322E+22   9.46765325E+16   1.72946098E+23   6.59739550E+17   0.00000000       8.74883675E+22   0.00000000       2.44955550E+18   1.16749831E+23   5.69327555E+23   7.19497715E+19   7.79093625E-07   0.00000000       2.38129999E+24   0.00000000       9.75563510E+16   1.70491105E+22   6.55264434E+16   1.71772987E+22   0.00000000       3.89353630E-07   1.08798355E+25   0.00000000       0.00000000       3.89546813E-07   3.99607658       3.99613833       3.89546813E-07   3.89546813E-07   2.97440513E+25
   0.00000000       0.00000000       0.00000000       0.00000000       0.00000000       0.00000000       0.00000000       0.00000000       0.00000000       0.00000000       0.00000000       0.00000000       0.00000000       0.00000000       0.00000000       0.00000000       0.00000000       0.00000000       0.00000000       0.00000000       0.00000000       0.00000000       0.00000000       0.00000000       0.00000000       0.00000000       0.00000000       0.00000000       0.00000000       0.00000000       0.00000000       0.00000000       0.00000000       0.00000000       0.00000000       0.00000000       0.00000000       0.00000000       0.00000000       0.00000000    
   3.89546813E-07   0.00000000       6.11598850E+21   4.00000048       0.00000000       0.00000000                  NaN              NaN   0.00000000       0.00000000       4.00000000       1.24001112E+23   1.97110989E+18   7.79093625E-07   0.00000000       1.08902198E+25   0.00000000       4.00000048       3.89546813E-07   3.99982905       1.31904049E+22   2.51587480E+16   4.00000000       6.13792927E+24   4.00000048       4.00000000       6.49179813E+19   1.09792830E+24   2.00050202E+23   7.79093625E-07   0.00000000       1.00650530E+24   0.00000000       7.79093625E-07   0.00000000       4.48547761E+17   3.49443158E+23   1.30312331E+18   4.00000000       3.02541216E+24
   0.00000000       0.00000000       0.00000000       0.00000000       0.00000000       0.00000000                  NaN              NaN   0.00000000       0.00000000       0.00000000       0.00000000       0.00000000       0.00000000       0.00000000       0.00000000       0.00000000       0.00000000       0.00000000       0.00000000       0.00000000       0.00000000       0.00000000       0.00000000       0.00000000       0.00000000       0.00000000       0.00000000       0.00000000       0.00000000       0.00000000       0.00000000       0.00000000       0.00000000       0.00000000       0.00000000       0.00000000       0.00000000       0.00000000       0.00000000    
   0.00000000       0.00000000       0.00000000       0.00000000       0.00000000       0.00000000       0.00000000       0.00000000       0.00000000       0.00000000       0.00000000       0.00000000       0.00000000       0.00000000       0.00000000       0.00000000       0.00000000       0.00000000       0.00000000       0.00000000       0.00000000       0.00000000       0.00000000       0.00000000       0.00000000       0.00000000       0.00000000       0.00000000       0.00000000       0.00000000       0.00000000       0.00000000       0.00000000       0.00000000       0.00000000       0.00000000       0.00000000       0.00000000       0.00000000       0.00000000    
   0.00000000       0.00000000       0.00000000       0.00000000       0.00000000       0.00000000       0.00000000       0.00000000       0.00000000       0.00000000       0.00000000       0.00000000       0.00000000       0.00000000       0.00000000       3.89545505E-07   0.00000000       0.00000000       0.00000000       0.00000000       0.00000000       0.00000000       0.00000000       3.89546813E-07   0.00000000       0.00000000       0.00000000       0.00000000       0.00000000       0.00000000       0.00000000       0.00000000       0.00000000       0.00000000       0.00000000       0.00000000       0.00000000       0.00000000       0.00000000       0.00000000    
   0.00000000       0.00000000       5.04950616E+22   5.41078132E+22   0.00000000       0.00000000                  NaN              NaN   0.00000000       0.00000000       3.89546813E-07   1.91096408E+24   3.36451534E+23   3.25185017E+18   4.00000000       2.12739540E+24   4.00000000       3.89546813E-07   1.34419929E+22   2.76702170E+23   9.71755836E+20   0.00000000       3.89546813E-07   5.67955146E+23   7.79093625E-07   1.68261904E+19   4.23807208E+23   7.13300921E+15   3.99994659       0.00000000       3.89546813E-07   1.33829788E+24   0.00000000       8.28659823E+16   1.85506482E+24   1.47394962E+24   5.43685536E+23   5.22711092E+16   3.89546813E-07   2.14019399E+24
   0.00000000       0.00000000       0.00000000       0.00000000       0.00000000       0.00000000                  NaN              NaN   0.00000000       0.00000000       0.00000000       0.00000000       0.00000000       0.00000000       0.00000000       3.89546813E-07   0.00000000       0.00000000       0.00000000       0.00000000       0.00000000       0.00000000       0.00000000       3.89544965E-07   0.00000000       0.00000000       0.00000000       0.00000000       0.00000000       0.00000000       0.00000000       0.00000000       0.00000000       0.00000000       0.00000000       0.00000000       0.00000000       0.00000000       0.00000000       0.00000000    
   0.00000000       0.00000000       0.00000000       0.00000000       0.00000000       0.00000000       0.00000000       0.00000000       0.00000000       0.00000000       0.00000000       0.00000000       0.00000000       0.00000000       0.00000000       0.00000000       0.00000000       0.00000000       0.00000000       0.00000000       0.00000000       0.00000000       0.00000000       0.00000000       0.00000000       0.00000000       0.00000000       0.00000000       0.00000000       0.00000000       0.00000000       0.00000000       0.00000000       0.00000000       0.00000000       0.00000000       0.00000000       0.00000000       0.00000000       0.00000000    
   0.00000000       0.00000000       0.00000000       0.00000000       0.00000000       0.00000000       0.00000000       0.00000000       0.00000000       0.00000000       0.00000000       0.00000000       0.00000000       0.00000000       0.00000000       3.85651248E-07   0.00000000       0.00000000       0.00000000       0.00000000       0.00000000       0.00000000       0.00000000       0.00000000       0.00000000       0.00000000       0.00000000       0.00000000       0.00000000       0.00000000       0.00000000       0.00000000       0.00000000       0.00000000       0.00000000       0.00000000       0.00000000       0.00000000       0.00000000       0.00000000    
   4.00000048       4.00000095       1.65527192E+23   3.62994634E+23   2.38397033E+21   0.00000000       0.00000000       2.37680187E+25   0.00000000       0.00000000       8.00518706E-07   3.99597192       8.19409055E+23   5.47018195E+18   3.89546813E-07   6.66427901E+23   7.79093625E-07   5.19856313E+16   1.20842351E+23   3.09395183E+19   1.11851941E+24   0.00000000       0.00000000       6.33285875E+23   0.00000000       0.00000000       1.40051032E+23   2.39320582E+23   3.38168215E+19   0.00000000       4.00000000       8.99025419E+24   4.00000048       7.36842047E+17   2.09563642E+23   3.14860917E+23   1.08102631E+19   3.89546813E-07   0.00000000       6.21859342E+24
   0.00000000       0.00000000       0.00000000       0.00000000       0.00000000       0.00000000       0.00000000       0.00000000       0.00000000       0.00000000       0.00000000       0.00000000       0.00000000       0.00000000       0.00000000       0.00000000       0.00000000       0.00000000       0.00000000       0.00000000       0.00000000       0.00000000       0.00000000       3.85651248E-07   0.00000000       0.00000000       0.00000000       0.00000000       0.00000000       0.00000000       0.00000000       0.00000000       0.00000000       0.00000000       0.00000000       0.00000000       0.00000000       0.00000000       0.00000000       0.00000000    
   0.00000000       0.00000000       0.00000000       0.00000000       0.00000000       0.00000000       0.00000000       0.00000000       0.00000000       0.00000000       0.00000000       0.00000000       0.00000000       0.00000000       0.00000000       0.00000000       0.00000000       0.00000000       0.00000000       0.00000000       0.00000000       0.00000000       0.00000000       3.89555721E-09   0.00000000       0.00000000       0.00000000       0.00000000       0.00000000       0.00000000       0.00000000       0.00000000       0.00000000       0.00000000       0.00000000       0.00000000       0.00000000       0.00000000       0.00000000       0.00000000    
   0.00000000       0.00000000       0.00000000       0.00000000       0.00000000       0.00000000       0.00000000       0.00000000       0.00000000       0.00000000       0.00000000       0.00000000       0.00000000       0.00000000       0.00000000       0.00000000       0.00000000       0.00000000       0.00000000       0.00000000       0.00000000       0.00000000       0.00000000       0.00000000       0.00000000       0.00000000       0.00000000       0.00000000       0.00000000       0.00000000       0.00000000       3.89546813E-07   0.00000000       0.00000000       0.00000000       0.00000000       0.00000000       0.00000000       0.00000000       0.00000000    
   3.89546756E-07   4.64375988E-14   4.00000000       0.00000000       0.00000000       0.00000000                  NaN              NaN   0.00000000       0.00000000       9.71205871E+23   1.01884618E+19   3.89546813E-07   0.00000000       7.79093625E-07   1.51754434E+25   3.89546813E-07   3.89546813E-07   4.00000095       1.66320375E+18   1.74397896E+23   4.00000000       7.79093625E-07   1.64953019E+24   0.00000000       3.89546813E-07   3.89546813E-07   3.83594188E+22   1.58720556E+24   4.00000000       0.00000000       3.38762061E+23   3.89353630E-07   0.00000000       0.00000000       3.89546813E-07   3.89546813E-07   4.00000048       3.89546813E-07   2.01121205E+24
   0.00000000       0.00000000       0.00000000       0.00000000       0.00000000       0.00000000                  NaN              NaN   0.00000000       0.00000000       0.00000000       0.00000000       0.00000000       0.00000000       0.00000000       0.00000000       0.00000000       0.00000000       0.00000000       0.00000000       0.00000000       0.00000000       0.00000000       0.00000000       0.00000000       0.00000000       0.00000000       0.00000000       0.00000000       0.00000000       0.00000000       0.00000000       0.00000000       0.00000000       0.00000000       0.00000000       0.00000000       0.00000000       0.00000000       0.00000000    
   0.00000000       0.00000000       0.00000000       0.00000000       0.00000000       0.00000000       0.00000000       7.43001580E-13   0.00000000      -1.30866401E-13  -4.43091125E-07  -8.44617941E-13   0.00000000       0.00000000       0.00000000       0.00000000       0.00000000       0.00000000       0.00000000       0.00000000       0.00000000       0.00000000       0.00000000       0.00000000       0.00000000       0.00000000       0.00000000       0.00000000       0.00000000       0.00000000       0.00000000       0.00000000       0.00000000       0.00000000       0.00000000       0.00000000       0.00000000       0.00000000       0.00000000       0.00000000    
              NaN   0.00000000       0.00000000      -7.19237083E-04   0.00000000       0.00000000                  NaN              NaN              NaN  -8.57632987E-09  -1.76251178E-05  -4.16051509E-04  -1.77021557E-03  -9.10382312E-07   0.00000000                  NaN              NaN   0.00000000       0.00000000      -3.59338243E-03  -4.01297305E-03   0.00000000       0.00000000                  NaN              NaN   0.00000000       0.00000000      -1.57393068E-02  -1.56768747E-02   0.00000000       0.00000000                  NaN              NaN   0.00000000       0.00000000      -3.92349437E-03  -3.86168133E-03   0.00000000       0.00000000                  NaN
              NaN   0.00000000       0.00000000      -7.19237083E-04   0.00000000       0.00000000                  NaN              NaN              NaN  -8.57632987E-09  -1.76251178E-05  -4.16051509E-04  -1.77021557E-03  -9.10382312E-07   0.00000000                  NaN              NaN   0.00000000       0.00000000      -3.59338243E-03  -4.01297305E-03   0.00000000       0.00000000                  NaN              NaN   0.00000000       0.00000000      -1.57393068E-02  -1.56768747E-02   0.00000000       0.00000000                  NaN              NaN   0.00000000       0.00000000      -3.92349437E-03  -3.86168133E-03   0.00000000       0.00000000                  NaN
 Liquid water
   0.00000000       0.00000000       0.00000000       0.00000000       0.00000000       0.00000000       0.00000000       0.00000000       0.00000000       0.00000000       0.00000000       0.00000000       0.00000000       0.00000000       0.00000000       0.00000000       0.00000000       0.00000000       0.00000000       0.00000000       0.00000000       0.00000000       0.00000000       0.00000000       0.00000000       0.00000000       0.00000000       0.00000000       0.00000000       0.00000000       0.00000000       0.00000000       0.00000000       0.00000000       0.00000000       0.00000000       0.00000000       0.00000000       0.00000000       0.00000000    
   0.00000000       0.00000000       0.00000000       0.00000000       0.00000000       0.00000000                  NaN   4.78381207E-06   0.00000000       0.00000000       0.00000000       0.00000000       0.00000000       0.00000000       0.00000000       5.96030532E-06   0.00000000       0.00000000       0.00000000       0.00000000       0.00000000       0.00000000       0.00000000       9.94368165E-05   0.00000000       0.00000000       0.00000000       0.00000000       0.00000000       0.00000000       0.00000000       5.84593818E-06   0.00000000       0.00000000       0.00000000       0.00000000       0.00000000       0.00000000       0.00000000       1.18601411E-05
   0.00000000       0.00000000       8.97827022E-07   2.59630337E-06   0.00000000       0.00000000                  NaN   0.00000000       0.00000000       0.00000000       7.81604001E-07   8.50772381E-07   1.40423856E-06   0.00000000       0.00000000       1.23713879E-04   0.00000000       3.06127831E-11   2.11908854E-12   4.52069146E-11   0.00000000       0.00000000       0.00000000       3.05083304E-05   0.00000000       5.29378104E-11   0.00000000       9.59711315E-07   0.00000000       0.00000000       0.00000000       6.33110903E-05   0.00000000       0.00000000       1.93323876E-06   1.89119578E-06   8.78854564E-07   0.00000000       0.00000000       3.31649017E-06
   9.73861489E-08   0.00000000       6.86945967E-08   9.73861489E-08   0.00000000       0.00000000                  NaN              NaN   0.00000000       0.00000000       0.00000000       2.38953561E-07   2.41481097E-12   1.94772298E-07   0.00000000       3.69424124E-05   0.00000000       9.73861489E-08   9.73861489E-08   3.28164390E-07   2.66941925E-07   9.73862697E-08   0.00000000       1.95521570E-04   9.73861489E-08   0.00000000       9.73949099E-08   1.48251601E-07   1.82952846E-07   1.94772298E-07   0.00000000       1.99297338E-05   0.00000000       1.94772298E-07   0.00000000       4.30717918E-12   3.67691257E-07   3.72506198E-13   0.00000000       1.63472905E-05
   8.76480897E-07   8.76480897E-07   8.76480897E-07   8.76480897E-07   0.00000000       0.00000000                  NaN   0.00000000       0.00000000       0.00000000       8.76480897E-07   8.76480897E-07   8.76480897E-07   8.76480897E-07   8.76480897E-07   5.46689480E-05   8.76480897E-07   8.76480897E-07   8.76480897E-07   8.76480897E-07   8.76480897E-07   8.76480897E-07   8.76480897E-07   1.04697119E-05   8.76480897E-07   8.76480897E-07   8.76480897E-07   8.76480897E-07   8.76480897E-07   0.00000000       0.00000000       3.50601113E-06   0.00000000       0.00000000       8.76480897E-07   8.76480897E-07   8.76480897E-07   8.76480897E-07   8.76480897E-07   6.47469642E-06
   0.00000000       0.00000000       0.00000000       0.00000000       0.00000000       0.00000000                  NaN   3.51030599E-06   0.00000000       0.00000000       0.00000000       0.00000000       0.00000000       0.00000000       0.00000000       5.08620833E-05   0.00000000       0.00000000       0.00000000       0.00000000       0.00000000       0.00000000       0.00000000       7.80405680E-05   0.00000000       0.00000000       0.00000000       0.00000000       0.00000000       0.00000000       0.00000000       8.50014931E-06   0.00000000       0.00000000       0.00000000       0.00000000       0.00000000       0.00000000       0.00000000       2.38296234E-05
   0.00000000       0.00000000       1.01106309E-06   7.08359096E-07   0.00000000       0.00000000                  NaN   0.00000000       0.00000000       0.00000000       5.40617066E-07   6.68529253E-07   1.39277120E-06   0.00000000       0.00000000       9.73861489E-08   0.00000000       1.91208247E-12   2.44197718E-12   3.38135145E-11   0.00000000       0.00000000       0.00000000       1.80549061E-04   0.00000000       0.00000000       7.88893942E-07   1.17811658E-06   0.00000000       0.00000000       0.00000000       4.97060828E-05   0.00000000       2.36859967E-12   2.36593189E-12   3.87648594E-11   0.00000000       0.00000000       0.00000000       4.53233188E-05
   0.00000000       0.00000000       3.07111918E-07   1.76092215E-07   0.00000000       0.00000000                  NaN              NaN   0.00000000       0.00000000       9.73861489E-08   2.90296100E-07   3.88561205E-07   2.17223765E-12   0.00000000       1.20453878E-05   0.00000000       9.73861489E-08   6.91247095E-08   1.56735467E-07   7.57566951E-08   0.00000000       9.73861489E-08   2.18444096E-04   1.94772298E-07   9.73920322E-08   2.34497165E-07   1.67187675E-13   0.00000000       0.00000000       9.73861489E-08   1.66246391E-05   0.00000000       2.63176064E-13   4.78564118E-07   4.47408297E-07   2.56874898E-07   3.07067821E-13   9.73861489E-08   1.51615895E-05
   8.76480783E-07   8.76480897E-07   8.76480897E-07   8.76480897E-07   0.00000000       0.00000000                  NaN   0.00000000       0.00000000       0.00000000       8.76480897E-07   8.76480897E-07   8.76480897E-07   8.76480897E-07   8.76480897E-07   1.51447257E-05   8.76480897E-07   8.76480897E-07   8.76480897E-07   8.76480897E-07   8.76480897E-07   8.76480897E-07   8.76480897E-07   2.87117746E-06   8.76480897E-07   8.76480897E-07   8.76480897E-07   8.76480897E-07   8.76480897E-07   8.76480897E-07   8.76480897E-07   7.22772393E-06   8.76480897E-07   8.76480897E-07   8.76480897E-07   8.76480897E-07   8.76480897E-07   8.76480897E-07   8.76480897E-07   1.92703985E-04
   0.00000000       0.00000000       0.00000000       0.00000000       0.00000000       0.00000000                  NaN   1.64878904E-04   0.00000000       0.00000000       0.00000000       0.00000000       0.00000000       0.00000000       0.00000000       3.10233690E-06   0.00000000       0.00000000       0.00000000       0.00000000       0.00000000       0.00000000       0.00000000       8.86450016E-06   0.00000000       0.00000000       0.00000000       0.00000000       0.00000000       0.00000000       0.00000000       2.78401658E-05   0.00000000       0.00000000       0.00000000       0.00000000       0.00000000       0.00000000       0.00000000       7.14224952E-05
   0.00000000       0.00000000       4.73876241E-07   1.17763443E-06   0.00000000       0.00000000                  NaN   2.44062576E-05   0.00000000       0.00000000       2.47748085E-06   2.61270930E-06   7.51919799E-07   0.00000000       0.00000000       1.72165514E-04   0.00000000       0.00000000       6.22123878E-07   7.70447286E-07   5.82653911E-07   0.00000000       0.00000000       0.00000000       0.00000000       3.79252012E-12   7.88647828E-11   1.87674789E-12   0.00000000       0.00000000       0.00000000       2.89811805E-06   0.00000000       3.36642606E-12   0.00000000       6.38723918E-07   7.24465735E-07   0.00000000       0.00000000       4.03139638E-05
   9.73861489E-08   1.94772298E-07   5.26525810E-08   5.16733110E-07   9.13716491E-10   0.00000000                  NaN   2.24966243E-05   0.00000000       0.00000000       4.00183779E-07   4.15474005E-07   5.49834340E-07   9.73871792E-08   9.73861489E-08   5.98157458E-05   1.94772298E-07   2.12452248E-13   2.49349057E-07   9.73927499E-08   3.82871747E-07   0.00000000       0.00000000       1.76014128E-05   0.00000000       0.00000000       1.75894456E-07   5.04706691E-07   5.06085271E-08   0.00000000       0.00000000       9.39803576E-05   9.73861489E-08   3.74044952E-13   1.67670706E-07   5.19045329E-07   1.04817538E-07   9.73861489E-08   0.00000000       2.00196901E-05
   8.76480897E-07   8.76480897E-07   8.76480897E-07   8.76480897E-07   0.00000000       0.00000000                  NaN   0.00000000       0.00000000       0.00000000       2.72084230E-06   8.76480897E-07   8.76480897E-07   8.76480897E-07   8.76480897E-07   1.19623564E-05   8.76480897E-07   8.76480897E-07   8.76480897E-07   8.76480897E-07   8.76480897E-07   8.76480897E-07   8.76480897E-07   1.39426602E-05   8.76480897E-07   8.76480897E-07   8.76480897E-07   8.76480897E-07   8.76480897E-07   8.76480897E-07   8.76046215E-07   4.34656200E-10   0.00000000       8.76480897E-07   8.76480897E-07   8.76480897E-07   8.76480897E-07   8.76480897E-07   8.76480897E-07   1.31217448E-05
   0.00000000       0.00000000       0.00000000       0.00000000       0.00000000       0.00000000                  NaN   5.21210786E-05   0.00000000       0.00000000       0.00000000       0.00000000       0.00000000       0.00000000       0.00000000       4.79269984E-05   0.00000000       0.00000000       0.00000000       0.00000000       0.00000000       0.00000000       0.00000000       5.33943603E-06   0.00000000       0.00000000       0.00000000       0.00000000       0.00000000       0.00000000       0.00000000       8.59819120E-05   0.00000000       0.00000000       0.00000000       0.00000000       0.00000000       0.00000000       0.00000000       5.62284367E-06
   0.00000000       0.00000000       6.18255285E-07   7.70629413E-07   0.00000000       0.00000000                  NaN   9.28225418E-05   0.00000000       0.00000000       8.80863297E-07   6.31294142E-07   1.21630501E-06   0.00000000       0.00000000       0.00000000       0.00000000       0.00000000       1.24167582E-06   3.49580796E-06   0.00000000       0.00000000       0.00000000       0.00000000       0.00000000       0.00000000       7.06579158E-07   4.61121402E-07   4.54382729E-07   0.00000000       0.00000000       1.58162436E-07   0.00000000       0.00000000       6.26560904E-07   8.41292206E-07   0.00000000       0.00000000       0.00000000       6.46365297E-05
   9.73861347E-08   1.16093336E-14   0.00000000       0.00000000       0.00000000       0.00000000                  NaN              NaN   0.00000000       0.00000000       3.72657098E-07   1.94775183E-07   9.73861489E-08   0.00000000       1.94772298E-07   4.79995215E-05   9.73861489E-08   9.73861489E-08   1.94772298E-07   9.73875416E-08   1.45733608E-07   0.00000000       1.94772298E-07   2.12225095E-05   0.00000000       9.73861489E-08   9.73861489E-08   2.04028439E-07   5.41065106E-07   0.00000000       0.00000000       8.73332647E-06   9.73378533E-08   0.00000000       0.00000000       9.73861489E-08   9.73861489E-08   9.73861489E-08   9.73861489E-08   2.94475576E-05
   0.00000000       0.00000000       0.00000000       2.37302356E-06   0.00000000       0.00000000                  NaN   9.73870726E-08   0.00000000       0.00000000       8.83073369E-07   2.86283944E-06   0.00000000       0.00000000       0.00000000       0.00000000       0.00000000       0.00000000       0.00000000       2.95352947E-06   0.00000000       0.00000000       0.00000000       0.00000000       0.00000000       0.00000000       0.00000000       2.90380694E-06   0.00000000       0.00000000       0.00000000       0.00000000       0.00000000       0.00000000       0.00000000       2.95379232E-06   0.00000000       0.00000000       0.00000000       0.00000000    
   0.00000000       0.00000000       0.00000000       1.62225240E-06   0.00000000       0.00000000                  NaN   0.00000000       0.00000000       4.97275332E-10   2.00311717E-07   1.63403627E-06   1.94677682E-06   0.00000000       0.00000000       0.00000000       0.00000000       0.00000000       0.00000000       2.23370648E-06   0.00000000       0.00000000       0.00000000       0.00000000       0.00000000       0.00000000       0.00000000       2.18203309E-06   0.00000000       0.00000000       0.00000000       0.00000000       0.00000000       0.00000000       0.00000000       2.23388156E-06   0.00000000       0.00000000       0.00000000       0.00000000    
   0.00000000       0.00000000       0.00000000       1.80247213E-07   0.00000000       0.00000000                  NaN   0.00000000       0.00000000       0.00000000       0.00000000       1.81556487E-07   2.16330690E-07   1.11244479E-10   0.00000000       0.00000000       0.00000000       0.00000000       0.00000000       2.48185415E-07   2.48185557E-07   0.00000000       0.00000000       0.00000000       0.00000000       0.00000000       0.00000000       2.42444031E-07   2.42454405E-07   0.00000000       0.00000000       0.00000000       0.00000000       0.00000000       0.00000000       2.48204856E-07   2.48174047E-07   0.00000000       0.00000000       0.00000000    
   0.00000000       0.00000000       0.00000000       0.00000000       0.00000000       0.00000000       0.00000000       0.00000000       0.00000000       0.00000000       0.00000000       0.00000000       0.00000000       0.00000000       0.00000000       0.00000000       0.00000000       0.00000000       0.00000000       0.00000000       0.00000000       0.00000000       0.00000000       0.00000000       0.00000000       0.00000000       0.00000000       0.00000000       0.00000000       0.00000000       0.00000000       0.00000000       0.00000000       0.00000000       0.00000000       0.00000000       0.00000000       0.00000000       0.00000000       0.00000000    
 Water vapor
   0.00000000       0.00000000       0.00000000       0.00000000       0.00000000       0.00000000       0.00000000       0.00000000       0.00000000       0.00000000       0.00000000       0.00000000       0.00000000       0.00000000       0.00000000       0.00000000       0.00000000       0.00000000       0.00000000       0.00000000       0.00000000       0.00000000       0.00000000       0.00000000       0.00000000       0.00000000       0.00000000       0.00000000       0.00000000       0.00000000       0.00000000       0.00000000       0.00000000       0.00000000       0.00000000       0.00000000       0.00000000       0.00000000       0.00000000       0.00000000    
   0.00000000      -9.73867031E-07  -4.90776756E-06  -4.02425712E-06   0.00000000       0.00000000                  NaN              NaN   0.00000000       0.00000000      -3.46265142E-06  -7.89984831E-12  -3.49670222E-06  -1.33389116E-11   0.00000000      -2.13930507E-05   0.00000000      -2.09883680E-10  -1.00033876E-05  -2.98084778E-05  -3.81779408E-09  -1.94773406E-06   0.00000000      -1.29896333E-04   0.00000000      -9.73878628E-07  -2.01863736E-06  -1.94773793E-06  -2.96079315E-06   0.00000000      -9.73384090E-07  -2.32149323E-04   0.00000000       0.00000000      -9.73867031E-07   0.00000000       0.00000000      -9.73867031E-07  -9.73867031E-07  -3.38209851E-04
   0.00000000       0.00000000       0.00000000       0.00000000       0.00000000       0.00000000       0.00000000       0.00000000       0.00000000       0.00000000       0.00000000       0.00000000       0.00000000       0.00000000       0.00000000       0.00000000       0.00000000       0.00000000       0.00000000       0.00000000       0.00000000       0.00000000       0.00000000       0.00000000       0.00000000       0.00000000       0.00000000       0.00000000       0.00000000       0.00000000       0.00000000       0.00000000       0.00000000       0.00000000       0.00000000       0.00000000       0.00000000       0.00000000       0.00000000       0.00000000    
  -9.73867031E-07   0.00000000      -1.48520087E-06  -9.73867031E-07   0.00000000       0.00000000                  NaN              NaN   0.00000000       0.00000000       0.00000000      -8.00883936E-06  -1.07299045E-10  -1.94773406E-06   0.00000000      -2.40529742E-04   0.00000000      -9.73867031E-07  -9.73867031E-07  -1.78864639E-06  -4.28712701E-06  -9.73869987E-07   0.00000000      -2.23505369E-04  -9.73867031E-07   0.00000000      -9.74334853E-07  -7.91433558E-06  -9.87833755E-06  -1.94773406E-06   0.00000000      -3.61887069E-05   0.00000000      -1.94773406E-06   0.00000000      -1.21733068E-10  -7.93737672E-06  -1.47336570E-11   0.00000000      -9.42344632E-05
   0.00000000       0.00000000       0.00000000       0.00000000       0.00000000       0.00000000                  NaN              NaN   0.00000000       0.00000000       0.00000000       0.00000000       0.00000000       0.00000000       0.00000000       0.00000000       0.00000000       0.00000000       0.00000000       0.00000000       0.00000000       0.00000000       0.00000000       0.00000000       0.00000000       0.00000000       0.00000000       0.00000000       0.00000000       0.00000000       0.00000000       0.00000000       0.00000000       0.00000000       0.00000000       0.00000000       0.00000000       0.00000000       0.00000000       0.00000000    
   0.00000000       0.00000000       0.00000000       0.00000000       0.00000000       0.00000000       0.00000000       0.00000000       0.00000000       0.00000000       0.00000000       0.00000000       0.00000000       0.00000000       0.00000000       0.00000000       0.00000000       0.00000000       0.00000000       0.00000000       0.00000000       0.00000000       0.00000000       0.00000000       0.00000000       0.00000000       0.00000000       0.00000000       0.00000000       0.00000000       0.00000000       0.00000000       0.00000000       0.00000000       0.00000000       0.00000000       0.00000000       0.00000000       0.00000000       0.00000000    
   0.00000000       0.00000000       0.00000000       0.00000000       0.00000000       0.00000000       0.00000000       0.00000000       0.00000000       0.00000000       0.00000000       0.00000000       0.00000000       0.00000000       0.00000000      -9.73863735E-07   0.00000000       0.00000000       0.00000000       0.00000000       0.00000000       0.00000000       0.00000000      -9.73867031E-07   0.00000000       0.00000000       0.00000000       0.00000000       0.00000000       0.00000000       0.00000000       0.00000000       0.00000000       0.00000000       0.00000000       0.00000000       0.00000000       0.00000000       0.00000000       0.00000000    
   0.00000000       0.00000000      -6.31432476E-06  -3.62349874E-06   0.00000000       0.00000000                  NaN              NaN   0.00000000       0.00000000      -9.73867031E-07  -2.25478980E-05  -1.48585350E-05  -1.14191878E-10   0.00000000      -9.16588542E-05   0.00000000      -9.73867031E-07  -1.53249073E-06  -5.16715409E-06  -2.18088485E-06   0.00000000      -9.73867031E-07  -4.62008320E-05  -1.94773406E-06  -9.74246518E-07  -1.19729166E-05  -4.76752231E-12   0.00000000       0.00000000      -9.73867031E-07  -3.77305478E-05   0.00000000      -5.78956197E-12  -1.81151845E-05  -1.67124836E-05  -1.37106244E-05  -1.13980197E-11  -9.73867031E-07  -9.64005158E-05
   0.00000000       0.00000000       0.00000000       0.00000000       0.00000000       0.00000000                  NaN              NaN   0.00000000       0.00000000       0.00000000       0.00000000       0.00000000       0.00000000       0.00000000      -9.73867031E-07   0.00000000       0.00000000       0.00000000       0.00000000       0.00000000       0.00000000       0.00000000      -9.73862370E-07   0.00000000       0.00000000       0.00000000       0.00000000       0.00000000       0.00000000       0.00000000       0.00000000       0.00000000       0.00000000       0.00000000       0.00000000       0.00000000       0.00000000       0.00000000       0.00000000    
   0.00000000       0.00000000       0.00000000       0.00000000       0.00000000       0.00000000       0.00000000       0.00000000       0.00000000       0.00000000       0.00000000       0.00000000       0.00000000       0.00000000       0.00000000       0.00000000       0.00000000       0.00000000       0.00000000       0.00000000       0.00000000       0.00000000       0.00000000       0.00000000       0.00000000       0.00000000       0.00000000       0.00000000       0.00000000       0.00000000       0.00000000       0.00000000       0.00000000       0.00000000       0.00000000       0.00000000       0.00000000       0.00000000       0.00000000       0.00000000    
   0.00000000       0.00000000       0.00000000       0.00000000       0.00000000       0.00000000       0.00000000       0.00000000       0.00000000       0.00000000       0.00000000       0.00000000       0.00000000       0.00000000       0.00000000      -9.64128162E-07   0.00000000       0.00000000       0.00000000       0.00000000       0.00000000       0.00000000       0.00000000       0.00000000       0.00000000       0.00000000       0.00000000       0.00000000       0.00000000       0.00000000       0.00000000       0.00000000       0.00000000       0.00000000       0.00000000       0.00000000       0.00000000       0.00000000       0.00000000       0.00000000    
  -9.73867031E-07  -1.94773406E-06  -7.94311006E-07  -1.06063535E-05  -2.42842724E-08   0.00000000       0.00000000      -3.51553608E-04   0.00000000       0.00000000      -2.00129671E-06  -3.77203719E-06  -1.20379445E-05  -9.73929559E-07  -9.73867031E-07  -5.38988170E-05  -1.94773406E-06  -1.02288204E-11  -1.41380915E-05  -9.74280624E-07  -1.36781509E-05   0.00000000       0.00000000      -3.87681539E-05   0.00000000       0.00000000      -3.64847210E-06  -9.22308118E-06  -5.55089855E-07   0.00000000       0.00000000      -3.07458598E-04  -9.73867031E-07  -1.59184541E-11  -5.75962531E-06  -6.75549563E-06  -1.78861319E-06  -9.73867031E-07   0.00000000      -1.00648955E-04
   0.00000000       0.00000000       0.00000000       0.00000000       0.00000000       0.00000000       0.00000000       0.00000000       0.00000000       0.00000000       0.00000000       0.00000000       0.00000000       0.00000000       0.00000000       0.00000000       0.00000000       0.00000000       0.00000000       0.00000000       0.00000000       0.00000000       0.00000000      -9.64128162E-07   0.00000000       0.00000000       0.00000000       0.00000000       0.00000000       0.00000000       0.00000000       0.00000000       0.00000000       0.00000000       0.00000000       0.00000000       0.00000000       0.00000000       0.00000000       0.00000000    
   0.00000000       0.00000000       0.00000000       0.00000000       0.00000000       0.00000000       0.00000000       0.00000000       0.00000000       0.00000000       0.00000000       0.00000000       0.00000000       0.00000000       0.00000000       0.00000000       0.00000000       0.00000000       0.00000000       0.00000000       0.00000000       0.00000000       0.00000000      -9.73889325E-09   0.00000000       0.00000000       0.00000000       0.00000000       0.00000000       0.00000000       0.00000000       0.00000000       0.00000000       0.00000000       0.00000000       0.00000000       0.00000000       0.00000000       0.00000000       0.00000000    
   0.00000000       0.00000000       0.00000000       0.00000000       0.00000000       0.00000000       0.00000000       0.00000000       0.00000000       0.00000000       0.00000000       0.00000000       0.00000000       0.00000000       0.00000000       0.00000000       0.00000000       0.00000000       0.00000000       0.00000000       0.00000000       0.00000000       0.00000000       0.00000000       0.00000000       0.00000000       0.00000000       0.00000000       0.00000000       0.00000000       0.00000000      -9.73867031E-07   0.00000000       0.00000000       0.00000000       0.00000000       0.00000000       0.00000000       0.00000000       0.00000000    
  -9.73866918E-07  -1.16093997E-13   0.00000000       0.00000000       0.00000000       0.00000000                  NaN              NaN   0.00000000       0.00000000      -2.23870647E-05  -1.94795871E-06  -9.73867031E-07   0.00000000      -1.94773406E-06  -2.49930279E-04  -9.73867031E-07  -9.73867031E-07  -1.94773406E-06  -9.73955480E-07  -9.27181736E-06   0.00000000      -1.94773406E-06  -5.62105088E-05   0.00000000      -9.73867031E-07  -9.73867031E-07  -4.15255909E-06  -3.00582687E-05   0.00000000       0.00000000      -1.82936274E-05  -9.73384090E-07   0.00000000       0.00000000      -9.73867031E-07  -9.73867031E-07  -9.73867031E-07  -9.73867031E-07  -8.01004353E-05
   0.00000000       0.00000000       0.00000000       0.00000000       0.00000000       0.00000000                  NaN              NaN   0.00000000       0.00000000       0.00000000       0.00000000       0.00000000       0.00000000       0.00000000       0.00000000       0.00000000       0.00000000       0.00000000       0.00000000       0.00000000       0.00000000       0.00000000       0.00000000       0.00000000       0.00000000       0.00000000       0.00000000       0.00000000       0.00000000       0.00000000       0.00000000       0.00000000       0.00000000       0.00000000       0.00000000       0.00000000       0.00000000       0.00000000       0.00000000    
   0.00000000       0.00000000       0.00000000       0.00000000       0.00000000       0.00000000       0.00000000      -1.85750395E-12   0.00000000      -1.11904072E-14  -1.05396634E-06  -2.01024137E-12   0.00000000       0.00000000       0.00000000       0.00000000       0.00000000       0.00000000       0.00000000       0.00000000       0.00000000       0.00000000       0.00000000       0.00000000       0.00000000       0.00000000       0.00000000       0.00000000       0.00000000       0.00000000       0.00000000       0.00000000       0.00000000       0.00000000       0.00000000       0.00000000       0.00000000       0.00000000       0.00000000       0.00000000    
              NaN   0.00000000       0.00000000      -8.10229540E-06   0.00000000       0.00000000                  NaN              NaN              NaN  -7.33363315E-10  -1.50761161E-06  -1.02279046E-05  -1.16837628E-05  -6.00815131E-09   0.00000000                  NaN              NaN   0.00000000       0.00000000      -1.48114441E-05  -1.48063182E-05   0.00000000       0.00000000                  NaN              NaN   0.00000000       0.00000000      -1.41703877E-05  -1.41721293E-05   0.00000000       0.00000000                  NaN              NaN   0.00000000       0.00000000      -1.48097970E-05  -1.48075815E-05   0.00000000       0.00000000                  NaN
   0.00000000       0.00000000       0.00000000       0.00000000       0.00000000       0.00000000       0.00000000       0.00000000       0.00000000       0.00000000       0.00000000       0.00000000       0.00000000       0.00000000       0.00000000       0.00000000       0.00000000       0.00000000       0.00000000       0.00000000       0.00000000       0.00000000       0.00000000       0.00000000       0.00000000       0.00000000       0.00000000       0.00000000       0.00000000       0.00000000       0.00000000       0.00000000       0.00000000       0.00000000       0.00000000       0.00000000       0.00000000       0.00000000       0.00000000       0.00000000    
