 nx =           20  ny =           10
 nsteps =         5000
 Writing output
 Horizontal velocity(u)
   4.76836988E-07   1.47558904      0.650041938       1.01064301       6.29766658E-02  0.215646297       1.10105443       1.28900898      -2.90361619       3.25147271      0.137908712      0.197749794       6.31275401E-03   8.62578377E-02   9.79717150E-02  0.221207842      0.584592521       1.07413912      0.795219123      0.272544444    
   4.76836988E-07   1.47558904      0.650041938       1.01064301       4.00000000       4.00000000       4.00000000       4.00000000       4.00000000       4.00000000       4.00000000       4.00000000       4.00000000       4.00000000       4.00000000       4.00000000       4.00000000       4.00000000       4.00000000       4.00000000    
   4.00000000       4.00000000       4.00000000       4.00000000       0.00000000       0.00000000       0.00000000       0.00000000       0.00000000       0.00000000       0.00000000       0.00000000       0.00000000       0.00000000       0.00000000       0.00000000       0.00000000       0.00000000       0.00000000       0.00000000    
   0.00000000       0.00000000       0.00000000       0.00000000       0.00000000       0.00000000       0.00000000       0.00000000       0.00000000       0.00000000       0.00000000       0.00000000     -0.206230730       1.98898113       1.60290265       2.55200791       0.00000000       0.00000000       0.00000000       0.00000000    
   0.00000000       0.00000000       0.00000000       0.00000000       1.36226730E-03   8.54254208E-14   1.64133742E-14   0.00000000       1.00272107       2.07902472E-02  0.174977258       2.51127258E-02   1.00293911       1.46543014      0.957266688      0.766735196       0.00000000       0.00000000       0.00000000       0.00000000    
   0.00000000       0.00000000       0.00000000       0.00000000       0.00000000       1.46107274E-13   0.00000000       0.00000000       2.72453501E-04   6.47812748E-10   1.76945221E-12   1.56343309E-15   1.00026524       2.39916992       1.10479212       5.02254022E-03   0.00000000       0.00000000       0.00000000       0.00000000    
   0.00000000       0.00000000       0.00000000       0.00000000       0.00000000       0.00000000       0.00000000       0.00000000       0.00000000       4.95498384E-14   0.00000000       0.00000000       3.00191259       1.36705764E-13   3.53890528E-13   0.00000000       0.00000000       0.00000000       0.00000000       0.00000000    
   0.00000000       0.00000000       0.00000000       0.00000000       0.00000000       0.00000000       0.00000000       0.00000000       0.00000000       9.65574395E-14   0.00000000       0.00000000       1.22325355E-03   1.15868903E-13   0.00000000       0.00000000       0.00000000       0.00000000       0.00000000       0.00000000    
   0.00000000       0.00000000       0.00000000       0.00000000       0.00000000       0.00000000       0.00000000       0.00000000       0.00000000       0.00000000       0.00000000       0.00000000       5.44164650E-05   0.00000000       0.00000000       0.00000000       0.00000000       0.00000000       0.00000000       0.00000000    
   0.00000000       0.00000000       0.00000000       0.00000000       0.00000000       0.00000000       0.00000000       0.00000000       0.00000000       0.00000000       0.00000000       0.00000000       5.44164650E-05   0.00000000       0.00000000       0.00000000       0.00000000       0.00000000       0.00000000       0.00000000    
 Vertical velocity(v)
   1.45760001E-04   1.22570002E-03   4.76283021E-03   2.22910006E-04   8.04895461E-02  0.400170952       1.22843480      0.890787721       1.00068057      0.781684875      0.891750634      0.522057891      0.584592521       1.07413912      0.795219123      0.272544444       4.76836988E-07   1.47558904      0.650041938       1.01064301    
   6.29766658E-02  0.215646297       1.10105443       1.28900898      -2.90361619       3.25147271      0.137908712      0.197749794       6.31275401E-03   8.62578377E-02   9.79717150E-02  0.221207842      0.584592521       1.07413912      0.795219123      0.272544444       4.76836988E-07   1.47558904      0.650041938       1.01064301    
   4.00000000       4.00000000       4.00000000       4.00000000       4.00000000       4.00000000       4.00000000       4.00000000       4.00000000       4.00000000       4.00000000       4.00000000       4.00000000       4.00000000       4.00000000       4.00000000       4.00000000       4.00000000       4.00000000       4.00000000    
   0.00000000       0.00000000       0.00000000       0.00000000       0.00000000       0.00000000       0.00000000       0.00000000       0.00000000       0.00000000       0.00000000       0.00000000       0.00000000       0.00000000       0.00000000       0.00000000       0.00000000       0.00000000       0.00000000       0.00000000    
   0.00000000       0.00000000       0.00000000       0.00000000       0.00000000       0.00000000       0.00000000       0.00000000     -0.206230730       1.98898113       1.60290265       2.55200791       0.00000000       0.00000000       0.00000000       0.00000000       0.00000000       0.00000000       0.00000000       0.00000000    
   1.36226730E-03   8.54254208E-14   1.64133742E-14   0.00000000       1.00272107       2.07902472E-02  0.174977258       2.51127258E-02   1.00293911       1.46543014      0.957266688      0.766735196       0.00000000       0.00000000       0.00000000       0.00000000       0.00000000       0.00000000       0.00000000       0.00000000    
   0.00000000       1.46107274E-13   0.00000000       0.00000000       2.72453501E-04   6.47812748E-10   1.76945221E-12   1.56343309E-15   1.00026524       2.39916992       1.10479212       5.02254022E-03   0.00000000       0.00000000       0.00000000       0.00000000       0.00000000       0.00000000       0.00000000       0.00000000    
   0.00000000       0.00000000       0.00000000       0.00000000       0.00000000       4.95498384E-14   0.00000000       0.00000000       3.00191259       1.36705764E-13   3.53890528E-13   0.00000000       0.00000000       0.00000000       0.00000000       0.00000000       0.00000000       0.00000000       0.00000000       0.00000000    
   0.00000000       0.00000000       0.00000000       0.00000000       0.00000000       9.65574395E-14   0.00000000       0.00000000       1.22325355E-03   1.15868903E-13   0.00000000       0.00000000       0.00000000       0.00000000       0.00000000       0.00000000       0.00000000       0.00000000       0.00000000       0.00000000    
   0.00000000       0.00000000       0.00000000       0.00000000       0.00000000       0.00000000       0.00000000       0.00000000       5.44164650E-05   0.00000000       0.00000000       0.00000000       0.00000000       0.00000000       0.00000000       0.00000000       0.00000000       0.00000000       0.00000000       0.00000000    
 Internal energy
   6.31275401E-03   8.62578377E-02   9.79717150E-02  0.221207842      0.584592521       1.07413912      0.795219123      0.272544444       4.76836988E-07   1.47558904      0.650041938       1.01064301       4.00000000       4.00000000       4.00000000       4.00000000       4.00000000       4.00000000       4.00000000       4.00000000    
   4.00000000       4.00000000       4.00000000       4.00000000       4.00000000       4.00000000       4.00000000       4.00000000       4.00000000       4.00000000       4.00000000       4.00000000       0.00000000       0.00000000       0.00000000       0.00000000       0.00000000       0.00000000       0.00000000       0.00000000    
   0.00000000       0.00000000       0.00000000       0.00000000       0.00000000       0.00000000       0.00000000       0.00000000       0.00000000       0.00000000       0.00000000       0.00000000       0.00000000       0.00000000       0.00000000       0.00000000       0.00000000       0.00000000       0.00000000       0.00000000    
 -0.206230730       1.98898113       1.60290265       2.55200791       0.00000000       0.00000000       0.00000000       0.00000000       0.00000000       0.00000000       0.00000000       0.00000000       1.36226730E-03   8.54254208E-14   1.64133742E-14   0.00000000       1.00272107       2.07902472E-02  0.174977258       2.51127258E-02
   1.00293911       1.46543014      0.957266688      0.766735196       0.00000000       0.00000000       0.00000000       0.00000000       0.00000000       0.00000000       0.00000000       0.00000000       0.00000000       1.46107274E-13   0.00000000       0.00000000       2.72453501E-04   6.47812748E-10   1.76945221E-12   1.56343309E-15
   1.00026524       2.39916992       1.10479212       5.02254022E-03   0.00000000       0.00000000       0.00000000       0.00000000       0.00000000       0.00000000       0.00000000       0.00000000       0.00000000       0.00000000       0.00000000       0.00000000       0.00000000       4.95498384E-14   0.00000000       0.00000000    
   3.00191259       1.36705764E-13   3.53890528E-13   0.00000000       0.00000000       0.00000000       0.00000000       0.00000000       0.00000000       0.00000000       0.00000000       0.00000000       0.00000000       0.00000000       0.00000000       0.00000000       0.00000000       9.65574395E-14   0.00000000       0.00000000    
   1.22325355E-03   1.15868903E-13   0.00000000       0.00000000       0.00000000       0.00000000       0.00000000       0.00000000       0.00000000       0.00000000       0.00000000       0.00000000       0.00000000       0.00000000       0.00000000       0.00000000       0.00000000       0.00000000       0.00000000       0.00000000    
   5.44164650E-05   0.00000000       0.00000000       0.00000000       0.00000000       0.00000000       0.00000000       0.00000000       0.00000000       0.00000000       0.00000000       0.00000000       0.00000000       0.00000000       0.00000000       0.00000000       0.00000000       0.00000000       0.00000000       0.00000000    
   5.44164650E-05   0.00000000       0.00000000       0.00000000       0.00000000       0.00000000       0.00000000       0.00000000       0.00000000       0.00000000       0.00000000       0.00000000       0.00000000       0.00000000       0.00000000       0.00000000       0.00000000       0.00000000       0.00000000       0.00000000    
 Liquid water
   4.00000000       4.00000000       4.00000000       4.00000000       4.00000000       4.00000000       4.00000000       4.00000000       4.00000000       4.00000000       4.00000000       4.00000000       4.00000000       4.00000000       4.00000000       4.00000000       0.00000000       0.00000000       0.00000000       0.00000000    
   0.00000000       0.00000000       0.00000000       0.00000000       0.00000000       0.00000000       0.00000000       0.00000000       0.00000000       0.00000000       0.00000000       0.00000000       0.00000000       0.00000000       0.00000000       0.00000000       0.00000000       0.00000000       0.00000000       0.00000000    
   0.00000000       0.00000000       0.00000000       0.00000000     -0.206230730       1.98898113       1.60290265       2.55200791       0.00000000       0.00000000       0.00000000       0.00000000       0.00000000       0.00000000       0.00000000       0.00000000       1.36226730E-03   8.54254208E-14   1.64133742E-14   0.00000000    
   1.00272107       2.07902472E-02  0.174977258       2.51127258E-02   1.00293911       1.46543014      0.957266688      0.766735196       0.00000000       0.00000000       0.00000000       0.00000000       0.00000000       0.00000000       0.00000000       0.00000000       0.00000000       1.46107274E-13   0.00000000       0.00000000    
   2.72453501E-04   6.47812748E-10   1.76945221E-12   1.56343309E-15   1.00026524       2.39916992       1.10479212       5.02254022E-03   0.00000000       0.00000000       0.00000000       0.00000000       0.00000000       0.00000000       0.00000000       0.00000000       0.00000000       0.00000000       0.00000000       0.00000000    
   0.00000000       4.95498384E-14   0.00000000       0.00000000       3.00191259       1.36705764E-13   3.53890528E-13   0.00000000       0.00000000       0.00000000       0.00000000       0.00000000       0.00000000       0.00000000       0.00000000       0.00000000       0.00000000       0.00000000       0.00000000       0.00000000    
   0.00000000       9.65574395E-14   0.00000000       0.00000000       1.22325355E-03   1.15868903E-13   0.00000000       0.00000000       0.00000000       0.00000000       0.00000000       0.00000000       0.00000000       0.00000000       0.00000000       0.00000000       0.00000000       0.00000000       0.00000000       0.00000000    
   0.00000000       0.00000000       0.00000000       0.00000000       5.44164650E-05   0.00000000       0.00000000       0.00000000       0.00000000       0.00000000       0.00000000       0.00000000       0.00000000       0.00000000       0.00000000       0.00000000       0.00000000       0.00000000       0.00000000       0.00000000    
   0.00000000       0.00000000       0.00000000       0.00000000       5.44164650E-05   0.00000000       0.00000000       0.00000000       0.00000000       0.00000000       0.00000000       0.00000000       0.00000000       0.00000000       0.00000000       0.00000000       0.00000000       0.00000000       0.00000000       0.00000000    
   0.00000000       0.00000000       0.00000000       0.00000000       5.44164650E-05   0.00000000       0.00000000       0.00000000       0.00000000       0.00000000       0.00000000       0.00000000       0.00000000       0.00000000       0.00000000       0.00000000       0.00000000       0.00000000       0.00000000       0.00000000    
 Water vapor
   4.00000000       4.00000000       4.00000000       4.00000000       0.00000000       0.00000000       0.00000000       0.00000000       0.00000000       0.00000000       0.00000000       0.00000000       0.00000000       0.00000000       0.00000000       0.00000000       0.00000000       0.00000000       0.00000000       0.00000000    
   0.00000000       0.00000000       0.00000000       0.00000000       0.00000000       0.00000000       0.00000000       0.00000000       0.00000000       0.00000000       0.00000000       0.00000000     -0.206230730       1.98898113       1.60290265       2.55200791       0.00000000       0.00000000       0.00000000       0.00000000    
   0.00000000       0.00000000       0.00000000       0.00000000       1.36226730E-03   8.54254208E-14   1.64133742E-14   0.00000000       1.00272107       2.07902472E-02  0.174977258       2.51127258E-02   1.00293911       1.46543014      0.957266688      0.766735196       0.00000000       0.00000000       0.00000000       0.00000000    
   0.00000000       0.00000000       0.00000000       0.00000000       0.00000000       1.46107274E-13   0.00000000       0.00000000       2.72453501E-04   6.47812748E-10   1.76945221E-12   1.56343309E-15   1.00026524       2.39916992       1.10479212       5.02254022E-03   0.00000000       0.00000000       0.00000000       0.00000000    
   0.00000000       0.00000000       0.00000000       0.00000000       0.00000000       0.00000000       0.00000000       0.00000000       0.00000000       4.95498384E-14   0.00000000       0.00000000       3.00191259       1.36705764E-13   3.53890528E-13   0.00000000       0.00000000       0.00000000       0.00000000       0.00000000    
   0.00000000       0.00000000       0.00000000       0.00000000       0.00000000       0.00000000       0.00000000       0.00000000       0.00000000       9.65574395E-14   0.00000000       0.00000000       1.22325355E-03   1.15868903E-13   0.00000000       0.00000000       0.00000000       0.00000000       0.00000000       0.00000000    
   0.00000000       0.00000000       0.00000000       0.00000000       0.00000000       0.00000000       0.00000000       0.00000000       0.00000000       0.00000000       0.00000000       0.00000000       5.44164650E-05   0.00000000       0.00000000       0.00000000       0.00000000       0.00000000       0.00000000       0.00000000    
   0.00000000       0.00000000       0.00000000       0.00000000       0.00000000       0.00000000       0.00000000       0.00000000       0.00000000       0.00000000       0.00000000       0.00000000       5.44164650E-05   0.00000000       0.00000000       0.00000000       0.00000000       0.00000000       0.00000000       0.00000000    
   0.00000000       0.00000000       0.00000000       0.00000000       0.00000000       0.00000000       0.00000000       0.00000000       0.00000000       0.00000000       0.00000000       0.00000000       5.44164650E-05   0.00000000       0.00000000       0.00000000       0.00000000       0.00000000       0.00000000       0.00000000    
   0.00000000       0.00000000       0.00000000       0.00000000       0.00000000       0.00000000       0.00000000       0.00000000       0.00000000       0.00000000       0.00000000       0.00000000       0.00000000       0.00000000       0.00000000       0.00000000       0.00000000       0.00000000       0.00000000       0.00000000    
