# Simulation Configuration File
# Grid Size: 20x10
# Energy E(x, y)
E:
0.03468998 0.24221954 0.25838408 0.13370092 0.20763039 0.12757857 0.23803387 0.22131187 0.08158610 0.11372992 0.17626733 0.11579436 0.12337618 0.08877182 0.19090053 0.22986470 0.07986143 0.27507085 0.12967693 0.12076642
0.04731829 0.11517063 0.14151144 0.00402071 0.08667200 0.01028338 0.23223286 0.03691724 0.16703054 0.02094040 0.13836200 0.20020099 0.25088140 0.19172740 0.17943043 0.27134119 0.06003916 0.03685315 0.13834472 0.09925804
0.05760838 0.09666168 0.14207255 0.01984093 0.08824290 0.09284010 0.30565861 0.20212134 0.24057702 0.06069436 0.06825206 0.09660008 0.08203058 0.21411636 0.08646253 0.00304221 0.05845312 0.03577694 0.15661475 0.26611810
0.24095706 0.28351032 0.21768750 0.10885336 0.27183028 0.02526881 0.10289296 0.12852785 0.03354751 0.28380616 0.08527213 0.14306926 0.03719722 0.09929097 0.03829475 0.14672255 0.25900236 0.21154872 0.01163740 0.30691996
0.16869800 0.23605232 0.02982877 0.19145234 0.08777760 0.26369952 0.20595941 0.30857085 0.22955783 0.19151090 0.04901463 0.28119103 0.01807030 0.28210771 0.14031230 0.30766285 0.26105530 0.23360764 0.22477044 0.22082820
0.07640153 0.22496309 0.17933824 0.24886924 0.16053930 0.07958516 0.10521387 0.09520115 0.12643697 0.27208260 0.10464311 0.02723612 0.25293418 0.07233514 0.18817292 0.11284584 0.02987969 0.26709151 0.30180647 0.17119276
0.20002789 0.30776754 0.26774392 0.23143331 0.02423317 0.00847806 0.29847311 0.07308445 0.01998853 0.22118933 0.30227334 0.04476768 0.05495392 0.18929291 0.01441989 0.16643941 0.25850374 0.14331473 0.06436144 0.28012773
0.15529949 0.09465803 0.25519428 0.01643892 0.23005797 0.29283397 0.06553203 0.07963496 0.30456972 0.13974999 0.24017194 0.04433027 0.06007484 0.23075279 0.15033943 0.07001651 0.01208847 0.25131760 0.01732428 0.02659671
0.29539633 0.23994442 0.22792801 0.26250433 0.00632139 0.19938249 0.09755163 0.08868822 0.24047937 0.16796851 0.15553554 0.19967155 0.03579624 0.21153285 0.28830492 0.00156732 0.02985936 0.07619706 0.03697407 0.05058347
0.29934367 0.30861452 0.28932576 0.07620921 0.04539827 0.16664588 0.15999823 0.03131237 0.08764152 0.10082414 0.16392422 0.27912802 0.17100031 0.16894886 0.11119361 0.05174196 0.29162490 0.23042294 0.02992448 0.06086345
# velocity u(x, y)
U:
0.00160416 0.00021942 0.00421153 0.00287154 0.00228012 0.00485986 0.00031753 0.00355517 0.00097881 0.00528777 0.00010533 0.00048369 0.00114577 0.00079676 0.00332871 0.00442916 0.00059564 0.00114153 0.00522870 0.00248792
0.00018149 0.00252633 0.00402304 0.00272966 0.00047044 0.00114535 0.00533672 0.00216648 0.00205223 0.00419505 0.00348898 0.00535615 0.00063267 0.00076775 0.00101910 0.00232376 0.00214499 0.00531654 0.00132021 0.00023754
0.00462372 0.00123073 0.00039953 0.00312301 0.00506256 0.00185185 0.00037778 0.00257370 0.00073395 0.00353042 0.00438956 0.00069800 0.00525894 0.00238781 0.00221285 0.00261090 0.00237200 0.00391939 0.00287075 0.00408009
0.00012434 0.00232422 0.00256244 0.00381287 0.00236867 0.00156998 0.00257454 0.00333517 0.00317199 0.00461166 0.00088306 0.00033075 0.00131686 0.00193965 0.00185708 0.00427191 0.00320911 0.00051541 0.00504180 0.00498739
0.00132362 0.00367742 0.00008733 0.00395643 0.00033848 0.00045344 0.00019773 0.00055460 0.00168108 0.00433693 0.00109679 0.00054891 0.00117352 0.00005388 0.00314006 0.00030185 0.00319882 0.00101510 0.00211274 0.00053029
0.00221866 0.00091808 0.00256153 0.00134470 0.00456183 0.00150204 0.00094541 0.00472185 0.00468789 0.00240996 0.00000316 0.00095253 0.00170906 0.00444495 0.00369892 0.00132158 0.00521370 0.00243522 0.00404548 0.00454960
0.00386874 0.00396908 0.00328054 0.00440782 0.00257724 0.00352599 0.00122330 0.00059187 0.00505228 0.00437482 0.00213151 0.00070345 0.00038037 0.00182054 0.00424904 0.00251199 0.00466713 0.00473064 0.00434093 0.00433875
0.00011143 0.00295480 0.00161663 0.00248525 0.00329022 0.00025409 0.00404549 0.00403286 0.00526505 0.00185061 0.00304656 0.00184119 0.00310438 0.00132361 0.00298207 0.00050883 0.00527941 0.00238050 0.00339843 0.00529172
0.00340896 0.00311875 0.00237333 0.00485395 0.00468570 0.00003206 0.00235342 0.00404875 0.00471160 0.00078934 0.00019408 0.00412821 0.00153382 0.00536478 0.00191451 0.00093353 0.00442798 0.00037442 0.00213231 0.00324440
0.00016736 0.00198803 0.00357229 0.00106301 0.00090072 0.00396366 0.00132312 0.00055627 0.00501903 0.00183306 0.00154641 0.00366862 0.00273737 0.00183741 0.00194758 0.00362558 0.00400040 0.00077298 0.00236980 0.00216909
# velocity v(x, y)
V:
0.00014576 0.00122570 0.00476283 0.00022291 0.00357788 0.00198010 0.00084758 0.00487311 0.00264874 0.00378897 0.00021678 0.00270836 0.00322698 0.00034689 0.00119270 0.00287540 0.00424109 0.00020263 0.00372411 0.00473857
0.00408206 0.00191586 0.00268491 0.00183889 0.00129386 0.00244101 0.00294923 0.00354124 0.00344716 0.00259964 0.00066158 0.00407943 0.00083356 0.00386971 0.00010389 0.00149606 0.00066915 0.00344764 0.00046538 0.00481139
0.00309958 0.00445124 0.00229996 0.00402209 0.00454693 0.00109367 0.00400207 0.00094531 0.00105260 0.00131614 0.00419724 0.00259104 0.00211518 0.00042228 0.00324940 0.00227871 0.00208085 0.00206434 0.00326083 0.00247899
0.00464242 0.00037874 0.00428822 0.00110757 0.00435385 0.00013472 0.00085582 0.00169806 0.00292607 0.00337640 0.00397197 0.00246471 0.00081673 0.00262213 0.00429011 0.00183939 0.00469523 0.00201988 0.00306996 0.00161904
0.00177248 0.00039213 0.00439921 0.00226192 0.00267240 0.00422610 0.00460043 0.00178920 0.00070423 0.00226613 0.00293941 0.00470869 0.00391669 0.00368635 0.00280903 0.00276206 0.00351473 0.00287623 0.00352941 0.00383119
0.00162642 0.00046920 0.00348371 0.00060998 0.00003282 0.00164070 0.00156535 0.00173520 0.00139492 0.00234393 0.00386669 0.00162292 0.00389713 0.00400491 0.00284087 0.00177771 0.00460651 0.00225679 0.00431406 0.00079515
0.00324203 0.00288378 0.00043916 0.00092596 0.00340201 0.00485614 0.00213493 0.00206081 0.00419149 0.00329500 0.00210535 0.00352276 0.00395148 0.00157803 0.00233037 0.00070697 0.00191685 0.00370920 0.00266731 0.00189477
0.00068798 0.00461123 0.00461448 0.00001468 0.00210059 0.00149622 0.00290259 0.00216694 0.00262352 0.00359394 0.00333825 0.00157868 0.00083700 0.00050164 0.00270073 0.00102840 0.00370004 0.00201207 0.00367562 0.00336702
0.00176193 0.00101493 0.00271044 0.00185898 0.00188084 0.00226683 0.00469866 0.00196494 0.00201041 0.00125375 0.00041285 0.00213379 0.00442285 0.00191959 0.00466979 0.00008046 0.00299683 0.00235791 0.00353055 0.00435975
0.00373212 0.00392319 0.00161519 0.00219592 0.00380723 0.00429047 0.00029833 0.00174125 0.00422857 0.00378800 0.00072728 0.00091004 0.00123200 0.00470719 0.00446031 0.00003007 0.00274773 0.00141344 0.00066059 0.00375774
# Liquid water content w_l(x, y)
W_L:
0.00003916 0.00001892 0.00002321 0.00001921 0.00002582 0.00001095 0.00003619 0.00002578 0.00002591 0.00003320 0.00002030 0.00002433 0.00001945 0.00002598 0.00004161 0.00002051 0.00003732 0.00004208 0.00001078 0.00002138
0.00000531 0.00000817 0.00000478 0.00002113 0.00003983 0.00001917 0.00001032 0.00001818 0.00002521 0.00002878 0.00000174 0.00000168 0.00002192 0.00001271 0.00002803 0.00003465 0.00002727 0.00002509 0.00004266 0.00001809
0.00000848 0.00001178 0.00000546 0.00003821 0.00003005 0.00000648 0.00003050 0.00001369 0.00003676 0.00003624 0.00001367 0.00003538 0.00003269 0.00002486 0.00003884 0.00003988 0.00000892 0.00004266 0.00000657 0.00001237
0.00003382 0.00003881 0.00000667 0.00001454 0.00002154 0.00000834 0.00003489 0.00000039 0.00000164 0.00000530 0.00001527 0.00002994 0.00002245 0.00003668 0.00003642 0.00001661 0.00000924 0.00003477 0.00000975 0.00000365
0.00001740 0.00000881 0.00000177 0.00004154 0.00003928 0.00003898 0.00002492 0.00004354 0.00003318 0.00003209 0.00001340 0.00000778 0.00000170 0.00000633 0.00002603 0.00000546 0.00002224 0.00000966 0.00000848 0.00000654
0.00001178 0.00003582 0.00002358 0.00000828 0.00002850 0.00001660 0.00004357 0.00000024 0.00002509 0.00003785 0.00001945 0.00000022 0.00000886 0.00000926 0.00002043 0.00004132 0.00004047 0.00003278 0.00004377 0.00004005
0.00003959 0.00002324 0.00000720 0.00001362 0.00002519 0.00003022 0.00003041 0.00001601 0.00003347 0.00004029 0.00001132 0.00000050 0.00003910 0.00000522 0.00004128 0.00002990 0.00004140 0.00002353 0.00004038 0.00001364
0.00000688 0.00001579 0.00003586 0.00003099 0.00003570 0.00003758 0.00003085 0.00003486 0.00004001 0.00004244 0.00003377 0.00000794 0.00001822 0.00000814 0.00000816 0.00000624 0.00002050 0.00000143 0.00003217 0.00001020
0.00000833 0.00000931 0.00001019 0.00004030 0.00001959 0.00003321 0.00001966 0.00000362 0.00001999 0.00004258 0.00000564 0.00003319 0.00002435 0.00001511 0.00003007 0.00004002 0.00000094 0.00002893 0.00003036 0.00000819
0.00001292 0.00002517 0.00000922 0.00000474 0.00002971 0.00001374 0.00003658 0.00002462 0.00003777 0.00002799 0.00000259 0.00000945 0.00001779 0.00002948 0.00003020 0.00002238 0.00002081 0.00002338 0.00001800 0.00002712
# Ice water content w_v(x, y)
W_V:
0.00002578 0.00003329 0.00003897 0.00001470 0.00003141 0.00002069 0.00004256 0.00004115 0.00000502 0.00002971 0.00001460 0.00001883 0.00003838 0.00000688 0.00000347 0.00000216 0.00004079 0.00000670 0.00004132 0.00003021
0.00000085 0.00001142 0.00000657 0.00003114 0.00002747 0.00002421 0.00004329 0.00001912 0.00003275 0.00002370 0.00003040 0.00001902 0.00001557 0.00002408 0.00000117 0.00003679 0.00002507 0.00002593 0.00003691 0.00003910
0.00000388 0.00003591 0.00002521 0.00000790 0.00003661 0.00002245 0.00001250 0.00000339 0.00003015 0.00001287 0.00001608 0.00001957 0.00003112 0.00000163 0.00000605 0.00001515 0.00001616 0.00001527 0.00001058 0.00003901
0.00003056 0.00004299 0.00002245 0.00000983 0.00000725 0.00000274 0.00003987 0.00002807 0.00004207 0.00003592 0.00002720 0.00000652 0.00002169 0.00003195 0.00004339 0.00000120 0.00001440 0.00001469 0.00001502 0.00002029
0.00000178 0.00002005 0.00004401 0.00004318 0.00001808 0.00003057 0.00001832 0.00004179 0.00001943 0.00004279 0.00001259 0.00003296 0.00002663 0.00003122 0.00002996 0.00000949 0.00004201 0.00000712 0.00004359 0.00003432
0.00002217 0.00002137 0.00001739 0.00002725 0.00001110 0.00004230 0.00003000 0.00003179 0.00002637 0.00001828 0.00003474 0.00000957 0.00002094 0.00001655 0.00004007 0.00003352 0.00002137 0.00002083 0.00000875 0.00000954
0.00002625 0.00000161 0.00000822 0.00001175 0.00003203 0.00002807 0.00003057 0.00003496 0.00003203 0.00003086 0.00004078 0.00000332 0.00001289 0.00002678 0.00001539 0.00002903 0.00002292 0.00000088 0.00003016 0.00002870
0.00000084 0.00002225 0.00001973 0.00003186 0.00003096 0.00003672 0.00002322 0.00001656 0.00002141 0.00003191 0.00002018 0.00003034 0.00003323 0.00000391 0.00001643 0.00003876 0.00004320 0.00001673 0.00001884 0.00003852
0.00002551 0.00000145 0.00002757 0.00001523 0.00002075 0.00000820 0.00001778 0.00000264 0.00000818 0.00002960 0.00001322 0.00004305 0.00003357 0.00002072 0.00001018 0.00001673 0.00003817 0.00001132 0.00001738 0.00003654
0.00001596 0.00001441 0.00001713 0.00000429 0.00004309 0.00000471 0.00000722 0.00001833 0.00003198 0.00003453 0.00002136 0.00001253 0.00000507 0.00004405 0.00004336 0.00001179 0.00001938 0.00003675 0.00001195 0.00000837
