# Simulation Configuration File
# Grid Size: 40x20
# Energy E(x,y)
E:
0.01212620 0.01810531 0.00753638 0.01344781 0.01061292 0.01680550 0.00749948 0.00949289 0.01885435 0.00298263 0.01319709 0.00521198 0.01482570 0.00384495 0.01031873 0.00976222 0.01812363 0.00178972 0.00816087 0.01925399 0.01458479 0.01225250 0.00983228 0.01655205 0.01110756 0.01567816 0.01045545 0.00196958 0.00481341 0.00739436 0.00623243 0.00182124 0.01543042 0.00078700 0.00139190 0.01089756 0.00184298 0.01575567 0.00927501 0.00120887
0.01957997 0.00554060 0.00949112 0.00403819 0.01471008 0.00760021 0.01912070 0.01679163 0.00339614 0.00514983 0.01650203 0.01457402 0.00528588 0.01767599 0.01044731 0.01408004 0.00846014 0.00170670 0.00568589 0.00093883 0.01372916 0.00943117 0.00526495 0.00837645 0.01944300 0.00678773 0.01173107 0.01278326 0.00515997 0.01877526 0.01354742 0.00178996 0.00077766 0.00900161 0.00576177 0.00476325 0.00522050 0.01431985 0.01496157 0.00600424
0.01927406 0.01364675 0.01087030 0.01625443 0.00721307 0.00837728 0.01104558 0.00810196 0.01768616 0.01214103 0.00044684 0.00800926 0.01681084 0.00748669 0.01663809 0.00606907 0.01211168 0.01088122 0.00754575 0.01132123 0.00393355 0.01139773 0.00407475 0.00054334 0.01672354 0.00614490 0.01403461 0.00353471 0.01753167 0.00564499 0.00610006 0.01572408 0.01761093 0.00556189 0.01881838 0.00358690 0.01606097 0.01320506 0.01153075 0.00093917
0.00507573 0.00439954 0.01848704 0.01425072 0.01248195 0.00850788 0.01763365 0.00766058 0.01793589 0.01513758 0.01883495 0.01801884 0.01810275 0.00452197 0.00789677 0.00638693 0.01372629 0.00894840 0.01271097 0.00263626 0.00874148 0.00485925 0.00958171 0.00657536 0.01790528 0.01130952 0.00114481 0.01686729 0.01381460 0.01572384 0.00558163 0.01899575 0.00249814 0.01006687 0.01693492 0.00727320 0.01328494 0.00850460 0.01545243 0.01739231
0.01752389 0.00237510 0.00183070 0.00198615 0.01855436 0.00173301 0.01135851 0.00223193 0.01461654 0.00371074 0.01808061 0.00080870 0.01745362 0.01676032 0.01860699 0.00472940 0.00801208 0.00073268 0.01252813 0.00444440 0.01673623 0.01249336 0.00129335 0.00546071 0.00608654 0.00989905 0.01163579 0.01334717 0.00815716 0.01888243 0.00375903 0.01935673 0.00676950 0.01071120 0.01754638 0.01543763 0.01802072 0.00054623 0.00705211 0.01802695
0.01407169 0.01425658 0.00266707 0.01243214 0.00938361 0.00145409 0.01868380 0.01745391 0.01520636 0.00117170 0.01600105 0.01926598 0.00198652 0.01092385 0.01028593 0.00843070 0.01461345 0.00270278 0.01447984 0.00236911 0.01052155 0.00985018 0.01803570 0.01580532 0.01194965 0.00196744 0.01804049 0.00376353 0.00706785 0.01285693 0.01149171 0.01439474 0.00433949 0.00586995 0.01883968 0.00256900 0.01858377 0.01097298 0.00171449 0.01268003
0.01780605 0.01611198 0.01819328 0.01705465 0.01143922 0.00936514 0.01228096 0.00495023 0.00707854 0.01583326 0.00148917 0.00688994 0.00518603 0.01864667 0.00770142 0.01787519 0.01318431 0.00398120 0.00648613 0.00651750 0.00844332 0.00035733 0.01165612 0.00625789 0.01939331 0.01082023 0.00251945 0.01326263 0.00201500 0.00564598 0.00409855 0.01275576 0.00808126 0.00465368 0.01789985 0.00006119 0.00159894 0.00600990 0.00211205 0.00002437
0.00311629 0.01030429 0.01323600 0.01539986 0.01048104 0.00129219 0.00786495 0.00301456 0.00782859 0.01667388 0.00741912 0.01760665 0.00858496 0.01542253 0.00305070 0.01826534 0.01241436 0.01417890 0.01244836 0.01712703 0.00899894 0.00911363 0.01310350 0.01110146 0.00148287 0.00146980 0.01732670 0.01572097 0.01619525 0.00924614 0.01348972 0.01047252 0.00605321 0.00241921 0.01846516 0.01104813 0.00182024 0.00941476 0.01658858 0.01339228
0.01786917 0.01387916 0.00280431 0.00574901 0.01422142 0.01672134 0.01415782 0.00834929 0.00352112 0.00817242 0.00021155 0.01744045 0.00989995 0.01882689 0.01938640 0.01012838 0.01225375 0.01268640 0.01543647 0.01696001 0.00056252 0.01170875 0.01954832 0.01002428 0.00156431 0.00355444 0.01595429 0.01750253 0.01559290 0.01598665 0.00630304 0.01589139 0.00907610 0.01519247 0.00246091 0.01084381 0.00241987 0.00692983 0.00543723 0.00625832
0.01879800 0.01752001 0.00212365 0.00036640 0.00052190 0.00815687 0.00768122 0.00126426 0.01922086 0.00289549 0.01902993 0.00497048 0.00500675 0.00723270 0.00559883 0.01797565 0.01325885 0.01086235 0.01791143 0.00222158 0.01894274 0.00718925 0.01816713 0.00684432 0.00340688 0.00401110 0.00595222 0.00160398 0.01949552 0.00728070 0.00655847 0.01876986 0.01939573 0.01001894 0.00138149 0.01469323 0.00759775 0.01019801 0.01759117 0.01927280
0.01938871 0.00023219 0.01255186 0.00822836 0.01307579 0.01271502 0.01168517 0.00509910 0.01818255 0.00251382 0.00887140 0.01870345 0.00425013 0.01057847 0.01957778 0.01864262 0.00588019 0.00889233 0.01846285 0.00472969 0.01691154 0.01236744 0.01185832 0.01444374 0.01764255 0.00912310 0.00909803 0.01354831 0.01292310 0.00698446 0.00528721 0.01227883 0.01288353 0.01583543 0.00170501 0.01742081 0.01111401 0.00385858 0.01446447 0.00337497
0.01606702 0.01611035 0.01880459 0.00387312 0.01834127 0.00173494 0.01488367 0.01714700 0.00003387 0.00425379 0.00543704 0.01885544 0.00212961 0.00328562 0.01272371 0.01323330 0.00350934 0.01770981 0.00993023 0.01184035 0.00863870 0.00909235 0.00395285 0.01550110 0.00060187 0.01898927 0.00382221 0.01430416 0.01458605 0.01548544 0.00433114 0.01863767 0.01104406 0.01678196 0.01276460 0.01023763 0.00232579 0.00848595 0.00426040 0.00305986
0.00865314 0.00923546 0.00411868 0.00696814 0.01355897 0.00616649 0.00077303 0.00334968 0.01616857 0.01827241 0.00800510 0.00037441 0.01067659 0.00868467 0.00171175 0.01586640 0.00320742 0.00572226 0.01309787 0.01411008 0.00394530 0.00856756 0.00795908 0.00330856 0.00992044 0.00079717 0.01640135 0.01761960 0.01568950 0.01947007 0.00923385 0.01533851 0.01156645 0.00884605 0.01944780 0.00564067 0.01613933 0.00086044 0.00364351 0.00837327
0.00474246 0.00118823 0.00330548 0.00629410 0.00314946 0.01180801 0.00743811 0.01770262 0.01124362 0.00419315 0.00267597 0.01481092 0.01765119 0.00101349 0.00145647 0.00072764 0.00625679 0.00924019 0.01586460 0.00276448 0.00383654 0.00214212 0.00312963 0.00458897 0.00926966 0.00637734 0.00867715 0.00329748 0.00491768 0.00225140 0.00774037 0.01349649 0.01340060 0.01060266 0.00634228 0.01824937 0.01049281 0.00487484 0.01243991 0.01348527
0.01544352 0.01229188 0.00381602 0.00590422 0.01775096 0.01524649 0.00763080 0.01253232 0.00292950 0.00489419 0.01429296 0.01488749 0.01295290 0.00299435 0.00275175 0.01038998 0.01798653 0.01440052 0.01202231 0.01500177 0.00229952 0.01734588 0.01634104 0.01545018 0.00255867 0.00502108 0.00192375 0.01949971 0.01192430 0.00812674 0.01640156 0.01775255 0.00885325 0.01795983 0.01246074 0.01489018 0.01114456 0.00861949 0.01656718 0.00706881
0.01678570 0.00178203 0.01256777 0.00545474 0.00637428 0.01928964 0.00671456 0.01840231 0.01773984 0.00918386 0.00217558 0.00882387 0.01436545 0.01149783 0.00556536 0.00434404 0.00615646 0.01535296 0.01589592 0.00895188 0.00296132 0.01699949 0.01328278 0.01784719 0.01052341 0.01610732 0.01116967 0.01208368 0.00099700 0.00223973 0.00628730 0.00849333 0.00064473 0.00439309 0.01338249 0.01575166 0.00967795 0.00722382 0.01198146 0.01384152
0.00159485 0.01579857 0.00207615 0.00235781 0.00822825 0.00638815 0.00388989 0.00910165 0.00408643 0.01278487 0.00232693 0.00167740 0.01320764 0.00100551 0.00350916 0.00956231 0.00218193 0.01534508 0.00164442 0.01597241 0.01805593 0.00710326 0.00845789 0.00668034 0.01258558 0.01813948 0.01872845 0.00289963 0.01240018 0.01557777 0.01274504 0.00951490 0.00622990 0.01722592 0.01482331 0.01797980 0.01331816 0.01407985 0.00331846 0.00177598
0.00682815 0.01508992 0.00105885 0.01561349 0.01128249 0.01938707 0.00803428 0.01316490 0.00081043 0.01665582 0.00538198 0.00827002 0.01455140 0.00756616 0.01350861 0.01124535 0.01676018 0.00411856 0.00466418 0.00098053 0.01146489 0.01748858 0.00666635 0.00458891 0.00986801 0.01529408 0.00888919 0.01274714 0.00971971 0.01121209 0.01672797 0.01555460 0.00871409 0.00137360 0.00851824 0.01679887 0.00878476 0.00881744 0.00257868 0.00405624
0.00838977 0.00273363 0.00995624 0.01895841 0.01270519 0.00323981 0.01114093 0.01573263 0.01724370 0.00897326 0.01250240 0.01234624 0.01267389 0.00581193 0.00823423 0.00518189 0.01305955 0.00394655 0.00476560 0.00969423 0.01231642 0.01325402 0.00219911 0.01268386 0.00433297 0.01844141 0.01717419 0.00997422 0.01582957 0.00200484 0.01270233 0.01434034 0.00419690 0.00310024 0.01348280 0.00652195 0.00049937 0.01848959 0.01868065 0.00440794
0.01005136 0.01136420 0.00002469 0.00207215 0.00590227 0.01126607 0.01740873 0.00176932 0.01933385 0.01075441 0.00412362 0.01579511 0.01682299 0.00911009 0.01644026 0.01864675 0.01484299 0.00295168 0.01130242 0.00461756 0.00367420 0.01619263 0.00595166 0.00401354 0.00354340 0.00873221 0.00465053 0.00465343 0.01240156 0.01738259 0.00983757 0.00713370 0.01216430 0.01177010 0.01578413 0.00506582 0.01128564 0.00640848 0.00401091 0.01168799
# velocity u(x,y)
u:
-0.05353526 0.10672264 0.15480328 -0.06906874 -0.11866340 -0.02468299 -0.05939039 -0.04777301 0.02670972 0.07036773 0.02241241 0.09063980 0.09090639 0.17106558 -0.13903239 0.12813095 0.11640140 0.16618788 -0.04389106 -0.05266208 0.07172417 0.13510164 0.16821453 0.11106712 -0.10226975 -0.04391214 0.01888542 -0.08274822 -0.06461674 0.18756383 -0.07326175 0.05350285 -0.02563302 0.02938656 0.08823468 0.12405455 -0.09250928 0.06836828 0.13222632 0.06413720
-0.06560918 0.16386448 0.18651848 0.01949064 0.15903825 0.15244554 0.17587528 0.03458908 -0.17579585 0.05003381 -0.10410989 -0.09829447 0.00689623 -0.07991085 -0.03444103 0.05903686 0.16868190 -0.01028673 0.17627715 -0.17745495 -0.16951926 0.08192991 0.01636904 -0.16245842 -0.13313806 -0.06733831 0.10608096 -0.14504742 -0.19417553 0.16854856 0.19391874 -0.10960805 0.07651612 0.00508706 -0.14285702 -0.07558388 -0.12542912 0.12520288 -0.03136429 -0.08720875
0.03413112 0.19498601 0.11951191 0.13282683 -0.08012783 0.17876794 -0.19908103 -0.00278301 0.05177907 -0.13656666 -0.14274137 -0.19676665 -0.00953600 0.19539002 0.14690312 -0.14707684 0.01385298 0.19175530 -0.08317294 -0.01309157 0.12553664 -0.01768589 -0.15376828 -0.15353457 0.13631225 -0.07995267 -0.14635367 0.17116960 0.12737739 0.11277914 0.09713426 -0.18570685 0.13827722 -0.18824145 0.17673576 0.00388160 -0.07215221 0.17654390 0.03215656 0.03856495
-0.18782438 0.15281796 0.07560086 0.06870525 -0.06328078 -0.13860058 0.07454287 -0.10124000 -0.18281822 0.08856553 -0.00972455 -0.10470298 0.12193824 0.10867265 0.10857852 0.06704160 -0.15317568 0.17917070 -0.16789665 0.05080505 -0.09743932 -0.03574867 -0.09789714 0.07539589 -0.18123626 0.04322473 0.09484631 0.06654497 -0.16676934 -0.12742079 0.02985265 0.13092650 -0.06251579 0.12985335 0.07786988 -0.07198406 0.01727194 0.11975160 0.16853215 -0.04716075
-0.14371630 0.10663633 0.15967135 -0.17447241 0.11754061 0.11319479 -0.09501456 -0.05402963 -0.15478728 0.04502473 -0.17196705 0.10293664 -0.09904759 -0.13914033 0.18653741 0.18734901 -0.17484211 0.16845687 -0.08205598 -0.03714861 -0.18190186 0.01758107 0.01093223 -0.03496858 0.18439524 -0.00687264 0.15215694 -0.15895161 0.14451855 -0.05682902 -0.09904542 0.09390381 0.16372013 0.16671617 -0.13964353 -0.11127136 0.04949108 -0.15716817 0.01491366 0.05038924
-0.05029163 -0.03822460 0.04879640 -0.01067593 0.04887494 -0.02215800 -0.16258225 0.05787442 -0.14420945 0.07461936 0.13112626 0.05580941 0.06288203 0.01648546 0.19094172 -0.19796000 -0.10648646 0.11314400 -0.16929017 0.10977881 -0.19919274 0.17559006 0.10988108 -0.17430407 0.15402203 0.13581156 0.08646944 0.12779909 0.06845481 -0.11416129 -0.11854580 -0.15012227 0.14420825 -0.02211869 0.11915651 0.09661118 0.03829611 -0.15427070 -0.00682125 -0.15501140
0.03321511 -0.17136857 -0.19445221 -0.14538151 -0.07202788 0.13588474 -0.02497397 -0.10384247 -0.04225308 0.02091906 -0.05384994 -0.07391232 0.14733722 0.18736421 0.11894935 -0.10044082 -0.15986103 -0.19504309 0.15578542 0.07251353 -0.16151837 -0.11180525 -0.07386072 -0.17936176 0.15730183 0.03121844 -0.06153061 -0.06724952 -0.10680950 0.08737650 -0.11155739 0.02009294 -0.11659966 -0.14174557 -0.03432840 0.12537264 -0.14283622 -0.10986032 0.06069267 -0.10596369
-0.10160874 0.12695534 0.19398489 -0.19031591 0.08965175 0.01880457 0.02982206 -0.02758548 0.16194799 -0.01194004 -0.12189903 -0.09254461 0.05053077 -0.06629972 -0.18786537 -0.14453982 0.13348059 -0.00049025 -0.01305125 -0.13103852 -0.15320010 0.11511239 0.06734060 -0.09640727 -0.08383688 0.12745094 0.03039532 0.06558814 0.03844952 0.10265486 -0.15127261 -0.06826477 0.11152426 0.02923455 0.07477448 -0.16805112 -0.10635932 0.13142551 0.10273404 -0.00444731
0.13546090 0.09946491 -0.15614330 0.00170361 0.11744264 0.17287392 -0.14214216 -0.11261154 0.04332807 0.03372297 0.01751860 0.12073294 0.17610302 0.10609754 0.06187567 0.15572950 -0.01460101 0.17396831 0.07226471 -0.18629967 0.04466420 -0.14813677 -0.05286908 0.08120396 0.12571013 0.13873624 -0.11193555 -0.08619052 0.05538902 0.15222411 0.18040003 0.09581419 -0.02606140 0.12089069 0.12204973 0.14088513 -0.19791479 -0.14639709 0.14015519 0.16395637
0.13494398 0.13319365 0.03875043 0.13081791 -0.03752122 0.10315778 -0.00104635 0.05335080 0.02986426 0.08265846 0.12706841 -0.19294663 -0.05457789 0.00589360 -0.10028915 0.13537902 -0.14123796 0.03717454 0.02610690 -0.05709928 -0.03819851 0.12839749 -0.02317811 0.05303887 0.03792292 -0.15538080 0.05308815 0.00223076 0.11652549 -0.06429891 0.09791613 0.13906850 -0.19060366 -0.03322139 0.05770595 0.16795958 -0.09043194 -0.00654592 -0.11693909 -0.12086795
-0.17650316 0.00029047 -0.02161007 -0.02810918 -0.13061762 -0.12375981 -0.01537999 0.02834569 0.15489814 0.00346867 -0.13285056 -0.03864430 -0.05720150 -0.07312997 0.19221165 -0.12763568 -0.15724040 -0.09574936 0.18417140 0.08433598 0.05883389 -0.03254653 -0.02267802 -0.12402728 0.04594942 -0.03132835 -0.15140789 -0.05847859 -0.09274986 -0.12654463 0.18939625 0.09277087 0.19441315 0.13282663 -0.05626004 -0.13644254 -0.09963743 -0.13463093 -0.11956600 0.17218046
0.19270178 0.10559739 0.12772795 0.18978780 0.01597586 0.02422380 -0.08236834 -0.13870951 0.03043303 0.01904708 0.11191948 -0.08122801 -0.15370551 -0.10790018 0.08467684 -0.05894207 0.11559679 -0.16983869 -0.10085844 0.03546776 -0.02815322 -0.06341734 -0.02262072 0.11111775 -0.04363732 -0.17468180 -0.14084427 -0.13318057 0.05802397 0.05028195 -0.18477502 -0.02893072 0.03424732 0.07411251 -0.10026999 0.10233217 -0.10254915 -0.04751535 -0.11439690 -0.01722953
-0.03312620 -0.16519579 0.01462052 0.06088967 0.10231602 0.00423675 0.02862030 -0.14872288 0.08276447 0.09252802 0.15488169 -0.03186653 0.14680083 -0.04976531 -0.03508849 -0.13769485 0.19429140 -0.15519971 0.11745172 0.09405582 0.01164457 -0.13969292 0.02394531 -0.10445508 0.17197993 0.01765667 -0.15695265 -0.14463203 -0.05944501 0.03878401 -0.01553589 -0.08825900 -0.05406638 0.02533967 -0.13240371 0.04240211 -0.04011317 -0.19073369 0.15272709 0.03754826
0.13483247 -0.12871100 -0.19122949 0.16662325 0.00309528 -0.13012453 -0.04105514 -0.11402245 0.04011846 0.00979841 -0.15575091 0.05567981 0.00920048 -0.00725252 0.03344333 -0.09519762 0.03684235 0.06174170 -0.16134110 0.05524936 0.06742135 0.12653915 -0.01353236 -0.17732140 -0.16094781 -0.11026085 0.13220662 0.18600331 0.11409449 0.09155307 0.13288618 0.16577470 -0.05859484 0.10251670 -0.19821218 0.11757629 0.07168938 0.09433315 0.17526032 0.09926236
-0.17598429 0.07290821 0.16713367 -0.08061862 -0.18197265 -0.15268895 0.02008968 0.11217777 0.03241902 -0.10119992 -0.09371006 0.07351869 0.09452497 0.06168049 -0.07964372 -0.16821879 -0.17799677 -0.09406508 0.07122005 -0.06413863 -0.09861950 0.17582429 -0.19552337 -0.09129876 0.17489559 -0.00102038 -0.15963500 -0.15821360 -0.17933335 -0.08442776 0.17681748 -0.07197652 0.01860920 -0.19722527 -0.16881022 -0.19807849 -0.03601755 0.11097454 0.00560566 0.19121135
0.09363212 0.08827415 -0.00203494 -0.02224170 0.08008538 -0.07091073 -0.15686373 -0.01964983 -0.11038874 0.05189312 0.13631644 0.08023493 0.14337643 0.02545675 0.16751977 0.07818696 0.19548846 0.18745796 0.04319628 -0.04744759 -0.06197614 0.18221052 -0.18603895 0.15752593 -0.19911661 -0.07929222 0.00706725 0.11864954 -0.03905751 0.13223065 0.05155612 0.15886638 0.12702285 -0.17744303 -0.00470799 0.08236568 0.02894779 -0.13386469 0.09041899 -0.10387185
0.09214047 0.15764556 -0.05200768 -0.04513415 0.12473078 0.05449643 -0.02269679 0.01887002 0.03965111 0.10539327 0.09443071 -0.00446588 -0.05715305 -0.06845567 0.01771940 0.10911053 0.06495699 0.18913265 0.11903268 -0.04948740 -0.11483973 -0.03307661 0.18651318 0.08114570 0.10672361 -0.06392113 0.02706184 0.04857710 -0.05884276 -0.17029749 0.02778479 0.07962019 -0.11635707 0.12102289 -0.18653412 -0.15121907 0.19274277 0.07520416 0.04313901 -0.13795215
0.00937143 -0.12287552 -0.16353231 -0.18175732 0.03518829 -0.17442674 0.12855516 -0.14936442 0.16667364 0.09265928 -0.09713019 0.07165672 0.13989170 0.09611165 0.13095133 0.03864690 -0.16362808 -0.15708435 0.05481054 0.05483699 0.03924675 -0.01137719 -0.05427698 -0.09671530 0.00397022 0.07263846 -0.01728033 0.07311724 0.06287629 -0.12836091 -0.08884687 -0.17465300 -0.03847689 -0.05655543 0.15035136 -0.11301132 0.03396759 0.01458341 -0.13066818 -0.14958217
0.10400537 0.17421175 -0.10808974 0.14824870 0.01995394 -0.18500474 0.04365473 -0.09398300 0.00799692 0.01578468 0.02634954 -0.18632198 0.14437589 0.11548380 0.02605263 -0.04543167 -0.09828634 0.00387088 -0.18864450 0.10545393 -0.11204948 0.18696315 -0.02083677 -0.06057040 -0.17034539 0.00398944 -0.04904147 0.08333253 0.04004779 -0.11848280 -0.07990172 -0.15272810 0.00781732 0.12713984 -0.14698974 -0.05919564 0.17755606 0.08507331 0.16119775 0.10117100
0.04745845 0.12642028 0.12224162 0.01618713 -0.19075555 0.00318764 -0.03303531 0.01274421 0.16450239 -0.08254245 0.01697365 -0.09994094 0.06585315 -0.13257045 0.03173286 0.04229094 -0.16500200 -0.08983186 -0.09960103 -0.17625964 -0.05662778 -0.08865585 0.15568102 0.05683091 -0.12001905 0.04751284 -0.01118616 -0.08636750 0.04362811 -0.16334658 -0.18908337 -0.19694815 -0.08313694 -0.00066783 -0.04595115 -0.01684876 0.01620697 -0.04435249 0.08458819 0.04431751
# velocity v(x,y)
v:
0.13773847 -0.02161080 0.18706731 -0.18216151 -0.19313493 0.03512021 0.02463755 0.00824302 0.19991085 -0.16333218 -0.03510395 0.03637158 0.12871424 -0.12635760 -0.07748433 -0.04681479 0.16549230 0.11918259 -0.01491073 -0.13538623 0.16672932 0.08124805 0.03034894 -0.10809260 -0.14028974 -0.01076316 0.10004459 -0.01458914 -0.16332280 -0.16449101 0.15555437 0.06630853 0.18021514 -0.19000108 0.09028877 0.20564801 -0.02194248 0.06571962 -0.04977134 -0.07532972
-0.15778606 0.10085613 0.19596350 -0.08374779 -0.04288170 0.07821328 0.06737465 0.05818786 0.19083416 0.04883526 -0.16576347 0.17091412 0.13824110 -0.07367304 0.10096629 -0.00903786 -0.06828375 0.16538896 0.00251235 -0.18850253 -0.06213900 -0.13161260 -0.13626354 -0.18504293 -0.14216860 0.11683968 -0.04245426 -0.06592149 -0.09971862 -0.17545792 0.04382758 -0.08372749 0.06083501 -0.15049844 -0.14710579 -0.00850316 0.16874161 0.13311434 -0.17592973 -0.10990227
-0.11084247 0.00456893 -0.16004462 0.00729602 -0.19519578 0.14033274 -0.05650240 -0.06397810 -0.16110941 0.01735193 -0.08921367 -0.10548065 -0.14149178 0.14288461 -0.10243004 -0.18141708 -0.02863389 0.06666526 0.07661615 0.16653208 0.18290363 0.02810795 -0.11230356 -0.09461837 -0.16697020 0.07439996 -0.01782507 -0.06432204 -0.05822986 -0.03951621 -0.11719526 -0.00254374 0.09009840 0.11419196 0.01506108 0.20531083 -0.14711528 0.18148539 0.11680326 -0.09640839
-0.02515945 0.08144521 -0.01674707 -0.01630887 0.19213246 0.08262387 0.02106590 0.04201328 -0.08303560 0.03584277 -0.15246006 -0.14758511 -0.04732944 0.05537806 0.08553697 -0.13876974 -0.12099057 -0.10072914 -0.09265557 0.15790411 -0.17350993 -0.10481493 -0.05061489 0.02703334 -0.18871348 0.12087373 0.14414574 0.01603973 -0.09224245 -0.05168766 -0.14099453 0.18039160 0.04420576 0.03119975 -0.04863305 0.18159351 -0.01935163 0.20348411 -0.03506840 0.00840890
-0.06985513 -0.06498589 0.14369096 -0.01811858 0.02846377 0.11340373 -0.11536883 0.07631088 0.16929493 0.13355262 0.20880696 -0.09988398 0.19442592 0.04362260 -0.08557085 0.03675585 0.00604696 -0.17427554 0.00343191 -0.07044928 -0.08875854 -0.16599608 -0.06447686 -0.06926427 0.00060467 -0.12210272 0.17718069 -0.05276459 0.04849939 0.20825859 -0.03869617 0.09702156 -0.11437130 -0.14279016 -0.16492827 -0.00126276 -0.13665405 -0.19555520 -0.16768539 -0.05311957
0.14729536 0.13224131 -0.11840873 -0.06058114 0.05506868 -0.16125780 -0.07380594 -0.13800933 -0.05772970 -0.13475865 0.13025095 -0.05727384 0.03444603 0.10843866 0.02968974 0.06207159 0.01998831 0.14050981 -0.02041027 0.14084569 -0.07808741 0.01250809 0.12305196 -0.02058964 -0.05192064 0.09348026 0.08530176 -0.04744300 -0.00647207 -0.10781485 0.00532904 0.13446953 -0.05121918 -0.00514491 -0.03815943 0.06396621 0.09636853 -0.16400299 -0.19481362 -0.06943107
0.09499305 -0.02793514 0.10529945 0.04693275 0.04199620 0.13130940 -0.12926694 0.08222637 0.18356977 0.16164496 -0.05805532 0.18264277 0.15071826 -0.04046114 0.11146883 -0.18659897 -0.18363662 -0.13456284 -0.09889407 -0.15998444 -0.15741939 0.15091720 -0.16821708 0.01460350 -0.02358132 0.16634624 0.13884956 -0.11986976 -0.16790094 0.20411272 0.08708800 -0.08387587 -0.04699214 0.20969009 0.11110258 0.02456324 0.01051622 -0.17583365 0.15056586 0.08724257
-0.11256857 -0.12492783 0.18368597 0.09790148 0.09599742 0.09822040 0.04336074 0.04059583 0.12104394 -0.02595641 -0.11039010 0.12720300 0.12989003 -0.00621332 -0.07799008 -0.08773775 -0.13850225 -0.19644356 0.19137979 -0.02751889 0.18683456 -0.16670564 0.16799589 -0.14479043 -0.14586330 -0.15519902 -0.15526681 0.20126258 -0.12764112 0.05687365 -0.07503827 0.13441599 -0.07707616 0.06948174 -0.14745201 -0.11850351 0.10291021 0.07850261 -0.00561614 0.20708370
-0.08913029 -0.19168986 0.13781028 0.14363829 0.19457441 0.15873394 0.15549408 0.11091560 -0.01380667 -0.01611562 -0.01250837 -0.06452949 -0.02058931 -0.01630291 0.13701088 -0.11191920 -0.11148645 -0.13483723 -0.18703240 0.05247067 -0.11806840 -0.15490833 0.18791569 -0.13088858 0.06712195 0.07714806 -0.17554244 0.07876614 0.00967304 -0.06890309 -0.07817409 -0.10006751 0.12046384 0.03842553 -0.16398528 0.19531071 0.15375097 0.19937702 0.00607411 0.05822352
0.16937903 -0.07668111 -0.13769761 -0.06745138 -0.02799149 0.02268880 0.18440342 0.20390219 -0.07237359 -0.17857831 0.02702193 -0.03639352 0.04147464 0.03033515 0.14066604 0.12565094 -0.12167194 -0.06910050 0.03443414 0.16641226 -0.13612475 0.21026329 0.16677118 0.10190355 0.06905629 -0.18580200 0.09691500 0.15203721 0.09074689 0.11499958 0.18051184 0.14052965 0.02835247 -0.08227497 0.09709151 0.12436988 0.15538527 0.14561966 -0.10388823 -0.15204347
-0.04378003 0.08101747 0.07496228 -0.05511399 -0.09015679 -0.15502286 -0.08358002 -0.09529407 -0.10577817 -0.09532479 -0.17153908 0.17559219 -0.03774043 -0.15303847 0.00570888 0.03289159 -0.14805832 -0.05938083 -0.02954693 0.11617434 0.04795539 -0.07842636 0.19119930 -0.15692968 -0.03755068 0.18336619 -0.05137142 -0.10308955 -0.14465621 0.17249466 -0.01130768 0.12024084 -0.13122891 0.15903537 0.07725952 0.14719980 0.11330580 -0.08890736 -0.18294590 0.06401297
0.16270589 -0.13797286 -0.11142551 -0.15161014 0.17345303 0.09197824 0.15605387 -0.08050948 -0.14619140 0.00622795 -0.13393643 0.02937568 -0.07197927 -0.15911597 -0.13318531 -0.15716552 0.16917281 0.16036088 0.07442548 -0.14594015 0.08152587 -0.05801394 0.09414316 0.13539209 0.14747657 0.15888293 0.04211673 -0.14792796 -0.19008316 0.01777674 -0.07374064 -0.18496267 -0.16251280 -0.00728864 0.20286024 -0.07659628 -0.01532152 0.12248594 0.08573932 0.02183918
-0.03869566 -0.02609041 0.19800445 -0.10827155 0.14761914 -0.18870905 -0.02024928 -0.00987384 -0.16574990 -0.03695878 0.01247985 -0.03235379 0.06562923 -0.04410428 0.14460111 -0.01053122 0.13668416 0.05377496 0.21018148 -0.09927610 0.01522701 0.15935068 -0.01604569 -0.18066789 0.08392919 -0.12116979 0.09825031 0.15716859 -0.06571668 0.13459757 -0.11227698 0.10597740 -0.11099056 -0.15380384 0.18364622 -0.09152572 0.09277745 -0.10202875 -0.14166634 -0.17609815
0.00405084 -0.11735274 0.16190971 0.18836674 0.16791388 -0.12410547 -0.17168207 0.13163540 0.06863432 -0.17573332 -0.02688898 0.19008813 -0.16573753 0.12427082 0.04841476 -0.07848339 -0.10155851 -0.01079010 0.14348521 -0.09469724 -0.01909626 -0.07549712 0.01362521 0.11908490 -0.19007766 0.11658924 0.16530626 0.07956287 0.18388446 0.06264316 -0.11457904 -0.07108858 0.00876576 -0.12168132 0.06719808 -0.09152815 0.12445729 -0.10848105 -0.15630139 0.15560547
0.01507652 -0.00396944 0.17543708 -0.17340620 -0.09692076 0.15812736 -0.17402016 0.01616308 -0.06743491 0.07098367 -0.16332645 -0.17375479 0.20602265 0.10233242 -0.00026951 -0.12125778 0.07589975 -0.04779472 0.19693298 0.00312890 -0.09664238 0.09123211 0.12293479 -0.03512043 0.09563090 0.16295348 0.18645063 -0.15529408 -0.05824225 0.16944989 -0.13325040 -0.08213729 0.16861778 -0.07131317 0.18755726 -0.18951364 0.09126064 -0.16479591 -0.14753926 0.17495522
0.16179879 0.07471459 0.13521960 0.06112565 0.15243134 -0.02750982 -0.16704337 -0.10521785 -0.04710233 0.14795539 0.01951427 -0.09201330 -0.17164217 0.05131960 -0.00629772 -0.18787484 0.18975018 -0.07776954 0.08180574 0.19830708 -0.19744069 -0.18649498 0.20263554 0.20114487 0.02587832 -0.05094593 -0.14446698 0.02262550 0.08439194 0.14958225 0.18896029 0.14282472 0.18979559 0.18684415 -0.18321538 0.08374381 0.04830591 0.01232913 0.13809255 -0.13130748
0.04469574 0.02121892 0.02885142 0.11808957 -0.07530898 -0.10024698 -0.10419388 0.12133529 0.11850540 -0.06486146 -0.14715923 -0.13841185 -0.16689517 -0.18382019 -0.09997274 -0.00489529 -0.11532346 -0.19341532 0.12903333 -0.10219628 0.11207881 -0.19899121 -0.01947814 -0.09861987 0.10732826 0.03341305 -0.11802023 -0.08454522 -0.12686877 0.18575399 0.20967854 -0.12269288 0.16165367 -0.06186873 0.04350531 -0.14038357 -0.14852460 0.09393362 0.09167074 -0.14677303
0.20621133 0.09620094 -0.12248484 0.01561847 -0.06589383 0.05539326 -0.00931428 -0.19870660 -0.04426002 -0.14440520 0.00143329 -0.14945260 -0.02861017 -0.11015093 0.17009534 -0.15979337 0.12774661 -0.18216397 0.03868513 0.17568986 0.18703326 -0.13562438 0.11766072 0.09566534 -0.00098045 0.07022089 0.19537294 0.17356719 -0.06330836 -0.12344499 -0.18582695 -0.15660190 0.08857559 0.13283663 -0.16629970 0.16557154 -0.14590282 -0.00190659 0.10059285 -0.11806027
0.17871115 -0.16630444 0.00812295 0.00863320 -0.17924732 -0.07977754 -0.05766513 0.00660930 -0.07633913 -0.08862930 0.00829779 -0.11817066 -0.18956274 0.17768571 0.03799896 -0.02048782 0.04924359 0.02169689 0.14295242 -0.11262285 0.11839534 0.07176421 -0.19808194 0.06959850 -0.15417034 -0.12978751 -0.07598877 -0.02801592 0.15528324 -0.08112969 -0.12816377 -0.03763097 -0.01834285 0.00666335 0.14391053 -0.01652090 -0.00787827 -0.17130076 -0.09451276 -0.13765375
0.14967406 0.09303968 -0.05761916 0.07644863 0.03392780 0.15682511 -0.04694587 -0.10764502 -0.10839508 -0.09690827 -0.13604315 -0.19293254 -0.00044523 -0.16208806 0.01583019 -0.18745220 -0.09779443 0.17150307 0.15292769 0.14941297 0.20696958 -0.09224290 -0.05246409 -0.00191869 0.04863863 -0.05584922 0.14905909 -0.01512097 0.15657041 0.18856563 0.02910681 -0.07395618 0.15423654 0.12495418 0.15397952 -0.01447403 -0.13555545 -0.16165523 0.16597441 0.01118960
# Liquid water content w_l(x, y)
w_l:
0.00000785 0.00000422 0.00000044 0.00000967 0.00000600 0.00000408 0.00000264 0.00000193 0.00000115 0.00000657 0.00000975 0.00000367 0.00000681 0.00000815 0.00000624 0.00000817 0.00000618 0.00000077 0.00000272 0.00000509
0.00000696 0.00000298 0.00001075 0.00000173 0.00000724 0.00000841 0.00000578 0.00000382 0.00000652 0.00000694 0.00000764 0.00000378 0.00000789 0.00000771 0.00000074 0.00000485 0.00000348 0.00000356 0.00000294 0.00000453
0.00001012 0.00000945 0.00000628 0.00000627 0.00000338 0.00000006 0.00000101 0.00000607 0.00000760 0.00000103 0.00001022 0.00000653 0.00000669 0.00000492 0.00000981 0.00000565 0.00000264 0.00000108 0.00000048 0.00000387
0.00000026 0.00000853 0.00000742 0.00000493 0.00000719 0.00000108 0.00001020 0.00000132 0.00000758 0.00000022 0.00000422 0.00000118 0.00000908 0.00000084 0.00000013 0.00000365 0.00001105 0.00000857 0.00000696 0.00001057
0.00001047 0.00000789 0.00000744 0.00000263 0.00001101 0.00000806 0.00001074 0.00000561 0.00000568 0.00000670 0.00000649 0.00000944 0.00000526 0.00000982 0.00000127 0.00000908 0.00000537 0.00000689 0.00000787 0.00000920
0.00001057 0.00000702 0.00000785 0.00001066 0.00000671 0.00000807 0.00000052 0.00000335 0.00000609 0.00000171 0.00000837 0.00000672 0.00000241 0.00000662 0.00000576 0.00000585 0.00000086 0.00000225 0.00000510 0.00001029
0.00000538 0.00000168 0.00000275 0.00001037 0.00000580 0.00000573 0.00000301 0.00000186 0.00000962 0.00000580 0.00000535 0.00000765 0.00001085 0.00000152 0.00001078 0.00000436 0.00000611 0.00000776 0.00001016 0.00000096
0.00000885 0.00000677 0.00000693 0.00000186 0.00000365 0.00000240 0.00001047 0.00000861 0.00000674 0.00000203 0.00000887 0.00000799 0.00000656 0.00000125 0.00000652 0.00000848 0.00000975 0.00001056 0.00000805 0.00000037
0.00000234 0.00000804 0.00000481 0.00000791 0.00000592 0.00000336 0.00000381 0.00000823 0.00000992 0.00000717 0.00000565 0.00001006 0.00000602 0.00000916 0.00001044 0.00000324 0.00000501 0.00000738 0.00000902 0.00000182
0.00001013 0.00000268 0.00000349 0.00000447 0.00000652 0.00001008 0.00000981 0.00000358 0.00000002 0.00000721 0.00000783 0.00000098 0.00000649 0.00000542 0.00000937 0.00000956 0.00000476 0.00000501 0.00000893 0.00000428
0.00000245 0.00000744 0.00000539 0.00000407 0.00000635 0.00000702 0.00000310 0.00001085 0.00000198 0.00000345 0.00000685 0.00000493 0.00001036 0.00000510 0.00000346 0.00000761 0.00000043 0.00000144 0.00000228 0.00000529
0.00001004 0.00000220 0.00000139 0.00000643 0.00000308 0.00000705 0.00000790 0.00000553 0.00000075 0.00000519 0.00000144 0.00000507 0.00000015 0.00000468 0.00000189 0.00001093 0.00000038 0.00000234 0.00000393 0.00000583
0.00001052 0.00000468 0.00000278 0.00000929 0.00001015 0.00000741 0.00000263 0.00000219 0.00000830 0.00000886 0.00000562 0.00000657 0.00000302 0.00000710 0.00000524 0.00001062 0.00000949 0.00000068 0.00000777 0.00000828
0.00000147 0.00000615 0.00000328 0.00000431 0.00000007 0.00000844 0.00000113 0.00000601 0.00000504 0.00000728 0.00000476 0.00001070 0.00000747 0.00000555 0.00000331 0.00000839 0.00000870 0.00000872 0.00000793 0.00000450
0.00000988 0.00000371 0.00000697 0.00000228 0.00001048 0.00000876 0.00000515 0.00000303 0.00000603 0.00000306 0.00000238 0.00000887 0.00000669 0.00001104 0.00000028 0.00000145 0.00000982 0.00000416 0.00001109 0.00000442
0.00000721 0.00000132 0.00000434 0.00000576 0.00000678 0.00000274 0.00000960 0.00000541 0.00000595 0.00000000 0.00001082 0.00000227 0.00000082 0.00000694 0.00001103 0.00000318 0.00000023 0.00000654 0.00000786 0.00000878
0.00001030 0.00000123 0.00000040 0.00000892 0.00000284 0.00000224 0.00000703 0.00000697 0.00000190 0.00000047 0.00000341 0.00000498 0.00000447 0.00000025 0.00000138 0.00000215 0.00000545 0.00000146 0.00000235 0.00000860
0.00000300 0.00000154 0.00001079 0.00000233 0.00000765 0.00000574 0.00000922 0.00000801 0.00000453 0.00000897 0.00000504 0.00000095 0.00000072 0.00000553 0.00000383 0.00000176 0.00000346 0.00001080 0.00001106 0.00001058
0.00000855 0.00000186 0.00000124 0.00000436 0.00000311 0.00000747 0.00000151 0.00000914 0.00000088 0.00000531 0.00000437 0.00000797 0.00001059 0.00000187 0.00000699 0.00000621 0.00000889 0.00000651 0.00000185 0.00000229
0.00001009 0.00000581 0.00000494 0.00000394 0.00000453 0.00000371 0.00000415 0.00000247 0.00000563 0.00000221 0.00000054 0.00000757 0.00000408 0.00000884 0.00000297 0.00000769 0.00000205 0.00001085 0.00000299 0.00000743
0.00000677 0.00000435 0.00000996 0.00000988 0.00000619 0.00000135 0.00000660 0.00000398 0.00000341 0.00001098 0.00000987 0.00000657 0.00000178 0.00000497 0.00000946 0.00000027 0.00001022 0.00000135 0.00000174 0.00000907
0.00000584 0.00000985 0.00000705 0.00000995 0.00000194 0.00000763 0.00000557 0.00000713 0.00000043 0.00000795 0.00000069 0.00000951 0.00000983 0.00000797 0.00001088 0.00000954 0.00000277 0.00000911 0.00000844 0.00000969
0.00000604 0.00000648 0.00000008 0.00000725 0.00000310 0.00001016 0.00000768 0.00000498 0.00000510 0.00000965 0.00000148 0.00000017 0.00000819 0.00001065 0.00000979 0.00000750 0.00000137 0.00000635 0.00001074 0.00001023
0.00000859 0.00000564 0.00000147 0.00000996 0.00000089 0.00000688 0.00000721 0.00000002 0.00000376 0.00001077 0.00000398 0.00000892 0.00000373 0.00000030 0.00000502 0.00000792 0.00000198 0.00000196 0.00000207 0.00000114
0.00000446 0.00000337 0.00000113 0.00000504 0.00000429 0.00001079 0.00000135 0.00000866 0.00000292 0.00000893 0.00000297 0.00000477 0.00000825 0.00000813 0.00001087 0.00000777 0.00000450 0.00000075 0.00000176 0.00000660
0.00000216 0.00000191 0.00000589 0.00000942 0.00001025 0.00001057 0.00001073 0.00001035 0.00000834 0.00000283 0.00000309 0.00000212 0.00000037 0.00000005 0.00000550 0.00000809 0.00000152 0.00001002 0.00000874 0.00000998
0.00000490 0.00000487 0.00001068 0.00000650 0.00001070 0.00001001 0.00000374 0.00000623 0.00000069 0.00001095 0.00000076 0.00000387 0.00000307 0.00000832 0.00000206 0.00000411 0.00000496 0.00000652 0.00000519 0.00001090
0.00001029 0.00000951 0.00000902 0.00000314 0.00000645 0.00000240 0.00000207 0.00000026 0.00001052 0.00000632 0.00000323 0.00000610 0.00000246 0.00000272 0.00000161 0.00000572 0.00000226 0.00000338 0.00000289 0.00000608
0.00000206 0.00000372 0.00000054 0.00000225 0.00000966 0.00000115 0.00000704 0.00000423 0.00000952 0.00000864 0.00000083 0.00000759 0.00000094 0.00000050 0.00000977 0.00001012 0.00000352 0.00000557 0.00000793 0.00000215
0.00001037 0.00000539 0.00000078 0.00000533 0.00000238 0.00000238 0.00000400 0.00000974 0.00000793 0.00000174 0.00001089 0.00000918 0.00001090 0.00000645 0.00000842 0.00000924 0.00000100 0.00001102 0.00000674 0.00000717
0.00000050 0.00000633 0.00000827 0.00000084 0.00000543 0.00000340 0.00000690 0.00000911 0.00000948 0.00000144 0.00000936 0.00001021 0.00000794 0.00000713 0.00000986 0.00000618 0.00000717 0.00000047 0.00000932 0.00000601
0.00000298 0.00000686 0.00000066 0.00000405 0.00000754 0.00000403 0.00000462 0.00000298 0.00000064 0.00000041 0.00000777 0.00000197 0.00000678 0.00000422 0.00000898 0.00000052 0.00000182 0.00001080 0.00000242 0.00000544
0.00000548 0.00000980 0.00000844 0.00000543 0.00000036 0.00000424 0.00000550 0.00000467 0.00000797 0.00000039 0.00000749 0.00000818 0.00000503 0.00000356 0.00000103 0.00000824 0.00000081 0.00000767 0.00000580 0.00000776
0.00000629 0.00000108 0.00000637 0.00001008 0.00000889 0.00000971 0.00000199 0.00001103 0.00000421 0.00000406 0.00000598 0.00000752 0.00001031 0.00000345 0.00000935 0.00000787 0.00000663 0.00001012 0.00000879 0.00001016
0.00000259 0.00000326 0.00000070 0.00000006 0.00001022 0.00000414 0.00000038 0.00000470 0.00000238 0.00000889 0.00000731 0.00000888 0.00000307 0.00000672 0.00001077 0.00000606 0.00000614 0.00000301 0.00000533 0.00000597
0.00001085 0.00000437 0.00000486 0.00000830 0.00000979 0.00000361 0.00000083 0.00000032 0.00000814 0.00000434 0.00000118 0.00000037 0.00000231 0.00001051 0.00000736 0.00000080 0.00000499 0.00000911 0.00000549 0.00000650
0.00000495 0.00001034 0.00001077 0.00000381 0.00000034 0.00000997 0.00000065 0.00000130 0.00001082 0.00000368 0.00000393 0.00001083 0.00000540 0.00000269 0.00000025 0.00000380 0.00000477 0.00000700 0.00000894 0.00000582
0.00000542 0.00000582 0.00000173 0.00000653 0.00000226 0.00000656 0.00000437 0.00000632 0.00000727 0.00000994 0.00000346 0.00000373 0.00000806 0.00000622 0.00000539 0.00000865 0.00000272 0.00000744 0.00000205 0.00000571
0.00000759 0.00000936 0.00000856 0.00000997 0.00000161 0.00000298 0.00000418 0.00000096 0.00000487 0.00000318 0.00000404 0.00000201 0.00000473 0.00000149 0.00000036 0.00000283 0.00000075 0.00000571 0.00000925 0.00000545
0.00000900 0.00000371 0.00000209 0.00000849 0.00000483 0.00000921 0.00000377 0.00000642 0.00000229 0.00000864 0.00000049 0.00000616 0.00000246 0.00000571 0.00000388 0.00000818 0.00001010 0.00000603 0.00000925 0.00000824
# Ice water content w_v(x, y)
w_v:
0.00000258 0.00000525 0.00001037 0.00000964 0.00001076 0.00001084 0.00000545 0.00000469 0.00000111 0.00000675 0.00000597 0.00000889 0.00000713 0.00000860 0.00000406 0.00001092 0.00000976 0.00000483 0.00000353 0.00000641
0.00000087 0.00000470 0.00000106 0.00000238 0.00000026 0.00000492 0.00000732 0.00000302 0.00000155 0.00000935 0.00000331 0.00000980 0.00000802 0.00000567 0.00000743 0.00000887 0.00000147 0.00000195 0.00000404 0.00000983
0.00000560 0.00000195 0.00000986 0.00000030 0.00000375 0.00000601 0.00000390 0.00001028 0.00000686 0.00000821 0.00000988 0.00000844 0.00000365 0.00000337 0.00000722 0.00000074 0.00000987 0.00000004 0.00001079 0.00000193
0.00000228 0.00000561 0.00000132 0.00000286 0.00000579 0.00001078 0.00000184 0.00000273 0.00000208 0.00000704 0.00000905 0.00000092 0.00000750 0.00000102 0.00000864 0.00000308 0.00000857 0.00000661 0.00000156 0.00000022
0.00000089 0.00000554 0.00001053 0.00000970 0.00000658 0.00000252 0.00000322 0.00000468 0.00000911 0.00000714 0.00001083 0.00000041 0.00000175 0.00000614 0.00000230 0.00000377 0.00000521 0.00000887 0.00000118 0.00000384
0.00000553 0.00000304 0.00000755 0.00000055 0.00000186 0.00000180 0.00000466 0.00000174 0.00000896 0.00001016 0.00000018 0.00000894 0.00000276 0.00000848 0.00000018 0.00000355 0.00000364 0.00001069 0.00000427 0.00000371
0.00000939 0.00000922 0.00000608 0.00000010 0.00000271 0.00000208 0.00000403 0.00000620 0.00000453 0.00000374 0.00000518 0.00000162 0.00000621 0.00000442 0.00000546 0.00000867 0.00001049 0.00000322 0.00000162 0.00000880
0.00000211 0.00000438 0.00000820 0.00000479 0.00000259 0.00000914 0.00000843 0.00000643 0.00001083 0.00000804 0.00000991 0.00001084 0.00000799 0.00000509 0.00000519 0.00000905 0.00000023 0.00000835 0.00000950 0.00000582
0.00000847 0.00000812 0.00000894 0.00001081 0.00000560 0.00000995 0.00000789 0.00000791 0.00000578 0.00000149 0.00001040 0.00000228 0.00000200 0.00000350 0.00001029 0.00000101 0.00000472 0.00000187 0.00000538 0.00001103
0.00000280 0.00000833 0.00000726 0.00000936 0.00000577 0.00000585 0.00001000 0.00000429 0.00001056 0.00000642 0.00000396 0.00000412 0.00000761 0.00000286 0.00000014 0.00000930 0.00000238 0.00000919 0.00000507 0.00000907
0.00001036 0.00000620 0.00000623 0.00000214 0.00001077 0.00000629 0.00000654 0.00000974 0.00000394 0.00000166 0.00001093 0.00000413 0.00000170 0.00000518 0.00000120 0.00000071 0.00000423 0.00000825 0.00000531 0.00001015
0.00000460 0.00000977 0.00000955 0.00000668 0.00001010 0.00000057 0.00001020 0.00001037 0.00000659 0.00000945 0.00000420 0.00000595 0.00000891 0.00000507 0.00000079 0.00000656 0.00000936 0.00000132 0.00001011 0.00000266
0.00000941 0.00000164 0.00001105 0.00000669 0.00000528 0.00000551 0.00000211 0.00000261 0.00000872 0.00001016 0.00000237 0.00000983 0.00000291 0.00000683 0.00000577 0.00000002 0.00000460 0.00001106 0.00000339 0.00000843
0.00000418 0.00000455 0.00000878 0.00000795 0.00000700 0.00000916 0.00000244 0.00000282 0.00000239 0.00000606 0.00000626 0.00001063 0.00000020 0.00000787 0.00000372 0.00000026 0.00000919 0.00000677 0.00000545 0.00000018
0.00000231 0.00001026 0.00000263 0.00000808 0.00000314 0.00000906 0.00000644 0.00000810 0.00000738 0.00000276 0.00000359 0.00000693 0.00000716 0.00000466 0.00000987 0.00000567 0.00000708 0.00000865 0.00000278 0.00001046
0.00000998 0.00000324 0.00001107 0.00000803 0.00000777 0.00000907 0.00000659 0.00000639 0.00000932 0.00000854 0.00000984 0.00000874 0.00000317 0.00001052 0.00000089 0.00000438 0.00000941 0.00000592 0.00000927 0.00001021
0.00000614 0.00000908 0.00000446 0.00000735 0.00000345 0.00000862 0.00000038 0.00000614 0.00000800 0.00000846 0.00000922 0.00000161 0.00000624 0.00001026 0.00000665 0.00000840 0.00000693 0.00000989 0.00000340 0.00000322
0.00000315 0.00000044 0.00000054 0.00000612 0.00000703 0.00000804 0.00000167 0.00000710 0.00000052 0.00000098 0.00000192 0.00000153 0.00000083 0.00001029 0.00000249 0.00000602 0.00000590 0.00000953 0.00001008 0.00000811
0.00000662 0.00000270 0.00000580 0.00000877 0.00000184 0.00000190 0.00000286 0.00000545 0.00000062 0.00000213 0.00000029 0.00000883 0.00000961 0.00000120 0.00000289 0.00000624 0.00000535 0.00000663 0.00000337 0.00000414
0.00000454 0.00000826 0.00000207 0.00000018 0.00000441 0.00000638 0.00000902 0.00000784 0.00000697 0.00000331 0.00000249 0.00000090 0.00000414 0.00000155 0.00000298 0.00000706 0.00000640 0.00000700 0.00000254 0.00001028
0.00000445 0.00000819 0.00000527 0.00000994 0.00000632 0.00000806 0.00000945 0.00000683 0.00000970 0.00000930 0.00000008 0.00000681 0.00000650 0.00000106 0.00000185 0.00000884 0.00001051 0.00000415 0.00000641 0.00000802
0.00000239 0.00000179 0.00000692 0.00000474 0.00000898 0.00000112 0.00000282 0.00000015 0.00000924 0.00000973 0.00000200 0.00000294 0.00000309 0.00000332 0.00000003 0.00000910 0.00000494 0.00000902 0.00000449 0.00000237
0.00000069 0.00000823 0.00000330 0.00000686 0.00000816 0.00000375 0.00000126 0.00000195 0.00000635 0.00000117 0.00001061 0.00000254 0.00000106 0.00000682 0.00000047 0.00000853 0.00000199 0.00000120 0.00000641 0.00000200
0.00000081 0.00001028 0.00000469 0.00000882 0.00000173 0.00000480 0.00000258 0.00001044 0.00000749 0.00000686 0.00000281 0.00000757 0.00000272 0.00000986 0.00000471 0.00000292 0.00000074 0.00000549 0.00000510 0.00000328
0.00001043 0.00000137 0.00000232 0.00000429 0.00000665 0.00000584 0.00000354 0.00001057 0.00000804 0.00000932 0.00001033 0.00000637 0.00000814 0.00000727 0.00000170 0.00000875 0.00000782 0.00000741 0.00000959 0.00000349
0.00000720 0.00000148 0.00000827 0.00000930 0.00000541 0.00000419 0.00000519 0.00000268 0.00000067 0.00000496 0.00000871 0.00000423 0.00000686 0.00001088 0.00000530 0.00000156 0.00000331 0.00000047 0.00001062 0.00001080
0.00000334 0.00001033 0.00000083 0.00000066 0.00001098 0.00000825 0.00000451 0.00000327 0.00000588 0.00000199 0.00001101 0.00000409 0.00000541 0.00000840 0.00000562 0.00000606 0.00001007 0.00000048 0.00000967 0.00000786
0.00001073 0.00000149 0.00000442 0.00000237 0.00000336 0.00000076 0.00000876 0.00000586 0.00001044 0.00001005 0.00000997 0.00000216 0.00000209 0.00000279 0.00000904 0.00000694 0.00001074 0.00000501 0.00001034 0.00000917
0.00001017 0.00000848 0.00000267 0.00001101 0.00000318 0.00000008 0.00000640 0.00000237 0.00000507 0.00000825 0.00000238 0.00001027 0.00000795 0.00000151 0.00000088 0.00000542 0.00000005 0.00001094 0.00000622 0.00000734
0.00001074 0.00000286 0.00001073 0.00001045 0.00000006 0.00000235 0.00000724 0.00000782 0.00000698 0.00000522 0.00000925 0.00000758 0.00000149 0.00001009 0.00001080 0.00000595 0.00000661 0.00000204 0.00000488 0.00000964
0.00000963 0.00000610 0.00000452 0.00001036 0.00000497 0.00001077 0.00000942 0.00001000 0.00000868 0.00000028 0.00001061 0.00000264 0.00000670 0.00000584 0.00001023 0.00000258 0.00000729 0.00001065 0.00001095 0.00000268
0.00001004 0.00000133 0.00000371 0.00000086 0.00000839 0.00000256 0.00000816 0.00000392 0.00000802 0.00000240 0.00000999 0.00000719 0.00000460 0.00000142 0.00000450 0.00000364 0.00000660 0.00000122 0.00000150 0.00000495
0.00001061 0.00000734 0.00000033 0.00000877 0.00000362 0.00000971 0.00000524 0.00000695 0.00000042 0.00000703 0.00000937 0.00000169 0.00000096 0.00000986 0.00000823 0.00001044 0.00000107 0.00000946 0.00000024 0.00000096
0.00000124 0.00000829 0.00000381 0.00000872 0.00000206 0.00001081 0.00000223 0.00000621 0.00000419 0.00000702 0.00000401 0.00001046 0.00000180 0.00000191 0.00000934 0.00000831 0.00001052 0.00000771 0.00000009 0.00000237
0.00000511 0.00001065 0.00000231 0.00000612 0.00000411 0.00000500 0.00000033 0.00000854 0.00001096 0.00000093 0.00000831 0.00000893 0.00000438 0.00000977 0.00000352 0.00000985 0.00000569 0.00000642 0.00001093 0.00000360
0.00000028 0.00001004 0.00001047 0.00000191 0.00000058 0.00000607 0.00000028 0.00000940 0.00000928 0.00000652 0.00000203 0.00000443 0.00000322 0.00000091 0.00001073 0.00000223 0.00000469 0.00000953 0.00000369 0.00000867
0.00000117 0.00000864 0.00000325 0.00000227 0.00000499 0.00000508 0.00000160 0.00000532 0.00000183 0.00000685 0.00000677 0.00000275 0.00000514 0.00000767 0.00000789 0.00000043 0.00000853 0.00000751 0.00000891 0.00000187
0.00001007 0.00000078 0.00000086 0.00001105 0.00000089 0.00000828 0.00000200 0.00000163 0.00000060 0.00000030 0.00000017 0.00000914 0.00000162 0.00001095 0.00001094 0.00001106 0.00000605 0.00000485 0.00000310 0.00000301
0.00001062 0.00000186 0.00001045 0.00000386 0.00000817 0.00000541 0.00000884 0.00000308 0.00000188 0.00000715 0.00000091 0.00000603 0.00000156 0.00000001 0.00000897 0.00000035 0.00000966 0.00000488 0.00000309 0.00000617
0.00000622 0.00000412 0.00000738 0.00001106 0.00000318 0.00000556 0.00000672 0.00000601 0.00000473 0.00001052 0.00000888 0.00000318 0.00000306 0.00000435 0.00000331 0.00000591 0.00000015 0.00000007 0.00000649 0.00000377
